2077 3025, 2002 4172, 1
2077 3025, 2002 4172, 2
2052 2097, 2004 2005, 3
2052 2097, 2004 2005, 4
2053 2059, 2004 2005, 5
2053 2059, 2004 2005, 6
2063 2070, 2004 2005, 7
2063 2070, 2004 2005, 8
2076 2559, 2004 2005, 9
2076 2559, 2004 2005, 10
2077 3025, 2004 2005, 11
2077 3025, 2004 2005, 12
2163 2822, 2004 2005, 13
2163 2822, 2004 2005, 14
2008 2861, 2010 2012, 15
2008 2861, 2010 2012, 16
2032 2037, 2008 2861, 17
2032 2037, 2008 2861, 18
2033 2038, 2008 2861, 19
2033 2038, 2008 2861, 20
2035 2457, 2008 2861, 21
2035 2457, 2008 2861, 22
2008 2861, 2162 2166, 23
2008 2861, 2162 2166, 24
2032 2037, 2010 2012, 25
2032 2037, 2010 2012, 26
2033 2038, 2010 2012, 27
2033 2038, 2010 2012, 28
2035 2457, 2010 2012, 29
2035 2457, 2010 2012, 30
2162 2166, 2010 2012, 31
2162 2166, 2010 2012, 32
2162 2166, 2010 2012, 33
2162 2166, 2010 2012, 34
2014 2019, 2993 2994, 35
2014 2019, 2993 2994, 36
2032 2037, 2015 2021, 37
2032 2037, 2015 2021, 38
2033 2038, 2015 2021, 39
2033 2038, 2015 2021, 40
2035 2457, 2015 2021, 41
2035 2457, 2015 2021, 42
2031 2036, 2110 2115, 43
2031 2036, 2110 2115, 44
2031 2036, 2110 2115, 45
2031 2036, 2110 2115, 46
2367 2370, 2031 2036, 47
2367 2370, 2031 2036, 48
2367 2370, 2031 2036, 49
2367 2370, 2031 2036, 50
2373 2376, 2031 2036, 51
2373 2376, 2031 2036, 52
2373 2376, 2031 2036, 53
2373 2376, 2031 2036, 54
2373 2543, 2031 2036, 55
2373 2543, 2031 2036, 56
2373 2543, 2031 2036, 57
2373 2543, 2031 2036, 58
2381 2445, 2031 2036, 59
2381 2445, 2031 2036, 60
2381 2445, 2031 2036, 61
2381 2445, 2031 2036, 62
2384 2445, 2031 2036, 63
2384 2445, 2031 2036, 64
2384 2445, 2031 2036, 65
2384 2445, 2031 2036, 66
2399 2404, 2031 2036, 67
2399 2404, 2031 2036, 68
2399 2404, 2031 2036, 69
2399 2404, 2031 2036, 70
2461 2464, 2031 2036, 71
2461 2464, 2031 2036, 72
2463 2466, 2031 2036, 73
2463 2466, 2031 2036, 74
2463 2466, 2031 2036, 75
2463 2466, 2031 2036, 76
2031 2036, 2520 4918, 77
2031 2036, 2520 4918, 78
2032 2037, 2033 2038, 79
2032 2037, 2033 2038, 80
2032 2037, 2033 2038, 81
2032 2037, 2033 2038, 82
2032 2037, 2035 2457, 83
2032 2037, 2035 2457, 84
2032 2037, 2035 2457, 85
2032 2037, 2035 2457, 86
2032 2037, 2162 2166, 87
2032 2037, 2162 2166, 88
2032 2037, 2162 2166, 89
2032 2037, 2162 2166, 90
2373 2376, 2032 2037, 91
2373 2376, 2032 2037, 92
2373 2543, 2032 2037, 93
2373 2543, 2032 2037, 94
2032 2037, 2436 2437, 95
2032 2037, 2436 2437, 96
2032 2037, 2438 2440, 97
2032 2037, 2438 2440, 98
2442 2449, 2032 2037, 99
2442 2449, 2032 2037, 100
2032 2037, 2810 2992, 101
2032 2037, 2835 2836, 102
2032 2037, 2835 2836, 103
2032 2037, 2842 2843, 104
2032 2037, 2842 2843, 105
2033 2038, 2035 2457, 106
2033 2038, 2035 2457, 107
2033 2038, 2035 2457, 108
2033 2038, 2035 2457, 109
2033 2038, 2162 2166, 110
2033 2038, 2162 2166, 111
2033 2038, 2162 2166, 112
2033 2038, 2162 2166, 113
2373 2376, 2033 2038, 114
2373 2376, 2033 2038, 115
2373 2543, 2033 2038, 116
2373 2543, 2033 2038, 117
2033 2038, 2436 2437, 118
2033 2038, 2436 2437, 119
2033 2038, 2438 2440, 120
2033 2038, 2438 2440, 121
2442 2449, 2033 2038, 122
2442 2449, 2033 2038, 123
2033 2038, 2810 2992, 124
2033 2038, 2835 2836, 125
2033 2038, 2835 2836, 126
2033 2038, 2842 2843, 127
2033 2038, 2842 2843, 128
2035 2457, 2162 2166, 129
2035 2457, 2162 2166, 130
2035 2457, 2162 2166, 131
2035 2457, 2162 2166, 132
2373 2376, 2035 2457, 133
2373 2376, 2035 2457, 134
2373 2543, 2035 2457, 135
2373 2543, 2035 2457, 136
2035 2457, 2436 2437, 137
2035 2457, 2436 2437, 138
2035 2457, 2438 2440, 139
2035 2457, 2438 2440, 140
2442 2449, 2035 2457, 141
2442 2449, 2035 2457, 142
2035 2457, 2810 2992, 143
2035 2457, 2835 2836, 144
2035 2457, 2835 2836, 145
2035 2457, 2842 2843, 146
2035 2457, 2842 2843, 147
2040 2043, 2701 2702, 148
2040 2043, 2701 2702, 149
2703 2706, 2040 2043, 150
2703 2706, 2040 2043, 151
2703 2706, 2040 2043, 152
2703 2706, 2040 2043, 153
2052 2097, 2045 2046, 154
2052 2097, 2045 2046, 155
2063 2070, 2045 2046, 156
2063 2070, 2045 2046, 157
2077 3025, 2045 2046, 158
2077 3025, 2045 2046, 159
2052 2097, 2047 2049, 160
2052 2097, 2047 2049, 161
2063 2070, 2047 2049, 162
2063 2070, 2047 2049, 163
2077 3025, 2047 2049, 164
2077 3025, 2047 2049, 165
2063 2070, 2050 2056, 166
2063 2070, 2050 2056, 167
2077 3025, 2052 2058, 168
2077 3025, 2052 2058, 169
2053 2059, 2052 2097, 170
2053 2059, 2052 2097, 171
2063 2070, 2052 2097, 172
2063 2070, 2052 2097, 173
2063 2070, 2052 2097, 174
2063 2070, 2052 2097, 175
2076 2559, 2052 2097, 176
2077 3025, 2052 2097, 177
2077 3025, 2052 2097, 178
2052 2097, 2163 2822, 179
2052 2097, 2163 2822, 180
2063 2070, 2053 2059, 181
2063 2070, 2053 2059, 182
2076 2559, 2053 2059, 183
2076 2559, 2053 2059, 184
2076 2559, 2053 2059, 185
2076 2559, 2053 2059, 186
2077 3025, 2053 2059, 187
2077 3025, 2053 2059, 188
2053 2059, 2163 2822, 189
2053 2059, 2163 2822, 190
2053 2059, 2163 2822, 191
2053 2059, 2163 2822, 192
2076 2559, 2055 2061, 193
2076 2559, 2055 2061, 194
2076 2559, 2055 2061, 195
2076 2559, 2055 2061, 196
2055 2061, 2164 3287, 197
2055 2061, 2164 3287, 198
2055 2061, 2164 3287, 199
2055 2061, 2164 3287, 200
2063 2070, 2076 2559, 201
2063 2070, 2076 2559, 202
2063 2070, 2077 3025, 203
2063 2070, 2077 3025, 204
2063 2070, 2077 3025, 205
2063 2070, 2077 3025, 206
2063 2070, 2095 2101, 207
2063 2070, 2095 2101, 208
2063 2070, 2107 2112, 209
2063 2070, 2107 2112, 210
2063 2070, 2112 3070, 211
2063 2070, 2112 3070, 212
2063 2070, 2163 2822, 213
2063 2070, 2163 2822, 214
2077 3025, 2076 2559, 215
2077 3025, 2076 2559, 216
2076 2559, 2163 2822, 217
2076 2559, 2163 2822, 218
2076 2559, 2163 2822, 219
2076 2559, 2163 2822, 220
2076 2559, 2164 3287, 221
2076 2559, 2164 3287, 222
2076 2559, 2164 3287, 223
2076 2559, 2164 3287, 224
2077 3025, 2139 2142, 225
2077 3025, 2139 2142, 226
2077 3025, 2163 2822, 227
2077 3025, 2163 2822, 228
2586 2587, 2109 2114, 229
2586 2587, 2109 2114, 230
2586 2587, 2109 2114, 231
2586 2587, 2109 2114, 232
2373 2376, 2115 2351, 233
2373 2376, 2115 2351, 234
2373 2543, 2115 2351, 235
2373 2543, 2115 2351, 236
2115 2351, 2513 2766, 237
2115 2351, 2513 2766, 238
2115 2351, 2513 2766, 239
2115 2351, 2513 2766, 240
2140 2143, 2141 2144, 241
2140 2143, 2141 2144, 242
2140 2143, 2141 2144, 243
2140 2143, 2141 2144, 244
2140 2143, 2157 2160, 245
2140 2143, 2157 2160, 246
2140 2143, 2157 2160, 247
2140 2143, 2157 2160, 248
2141 2144, 2157 2160, 249
2141 2144, 2157 2160, 250
2141 2144, 2157 2160, 251
2141 2144, 2157 2160, 252
2171 2193, 2176 2178, 253
2171 2193, 2176 2178, 254
2171 2193, 2176 2178, 255
2171 2193, 2176 2178, 256
2171 2193, 2198 2200, 257
2171 2193, 2198 2200, 258
2171 2193, 2207 2497, 259
2171 2193, 2207 2497, 260
2171 2193, 2207 2497, 261
2171 2193, 2207 2497, 262
2388 2392, 2171 2193, 263
2388 2392, 2171 2193, 264
2171 2193, 2474 2725, 265
2171 2193, 2474 2725, 266
2171 2193, 2480 2483, 267
2171 2193, 2480 2483, 268
2491 2492, 2171 2193, 269
2491 2492, 2171 2193, 270
2494 2496, 2171 2193, 271
2494 2496, 2171 2193, 272
2494 2496, 2171 2193, 273
2494 2496, 2171 2193, 274
2503 2508, 2171 2193, 275
2503 2508, 2171 2193, 276
2757 2762, 2171 2193, 277
2757 2762, 2171 2193, 278
2757 2762, 2171 2193, 279
2758 3069, 2171 2193, 280
2758 3069, 2171 2193, 281
2758 3069, 2171 2193, 282
2171 2193, 7135 7136, 283
2171 2193, 7135 7136, 284
2171 2193, 7135 7136, 285
2171 2193, 7135 7136, 286
2179 3038, 2172 2173, 287
2179 3038, 2172 2173, 288
2183 2187, 2172 2173, 289
2185 2189, 2172 2173, 290
2172 2173, 2264 2265, 291
2172 2173, 2264 2265, 292
2388 2392, 2172 2173, 293
2388 2392, 2172 2173, 294
2395 2398, 2172 2173, 295
2395 2398, 2172 2173, 296
2183 2187, 2173 2964, 297
2183 2187, 2173 2964, 298
2503 2508, 2173 2964, 299
2503 2508, 2173 2964, 300
2183 2187, 2174 2962, 301
2183 2187, 2174 2962, 302
2503 2508, 2174 2962, 303
2503 2508, 2174 2962, 304
2207 2497, 2176 2178, 305
2207 2497, 2176 2178, 306
2207 2497, 2176 2178, 307
2207 2497, 2176 2178, 308
2494 2496, 2176 2178, 309
2494 2496, 2176 2178, 310
2494 2496, 2176 2178, 311
2494 2496, 2176 2178, 312
2503 2508, 2176 2178, 313
2503 2508, 2176 2178, 314
2503 2508, 2176 2178, 315
2503 2508, 2176 2178, 316
2757 2762, 2176 2178, 317
2757 2762, 2176 2178, 318
2758 3069, 2176 2178, 319
2758 3069, 2176 2178, 320
2176 2178, 7135 7136, 321
2176 2178, 7135 7136, 322
2176 2178, 7135 7136, 323
2176 2178, 7135 7136, 324
2179 3038, 2183 2187, 325
2179 3038, 2183 2187, 326
2185 2189, 2179 3038, 327
2185 2189, 2179 3038, 328
2185 2189, 2179 3038, 329
2185 2189, 2179 3038, 330
2179 3038, 2264 2265, 331
2179 3038, 2264 2265, 332
2388 2392, 2179 3038, 333
2388 2392, 2179 3038, 334
2388 2392, 2179 3038, 335
2388 2392, 2179 3038, 336
2395 2398, 2179 3038, 337
2395 2398, 2179 3038, 338
2395 2398, 2179 3038, 339
2395 2398, 2179 3038, 340
2181 2182, 2256 2257, 341
2181 2182, 2256 2257, 342
2181 2182, 2256 2257, 343
2181 2182, 2256 2257, 344
2185 2189, 2183 2187, 345
2185 2189, 2183 2187, 346
2183 2187, 2264 2265, 347
2183 2187, 2264 2265, 348
2388 2392, 2183 2187, 349
2388 2392, 2183 2187, 350
2395 2398, 2183 2187, 351
2395 2398, 2183 2187, 352
2183 2187, 6985 6986, 353
2183 2187, 6985 6986, 354
2184 2188, 2187 3351, 355
2184 2188, 2187 3351, 356
2185 2189, 2264 2265, 357
2185 2189, 2264 2265, 358
2388 2392, 2185 2189, 359
2388 2392, 2185 2189, 360
2388 2392, 2185 2189, 361
2388 2392, 2185 2189, 362
2395 2398, 2185 2189, 363
2395 2398, 2185 2189, 364
2395 2398, 2185 2189, 365
2395 2398, 2185 2189, 366
2213 2217, 2186 2210, 367
2213 2217, 2186 2210, 368
2399 2404, 2186 2210, 369
2399 2404, 2186 2210, 370
2399 2404, 2186 2210, 371
2399 2404, 2186 2210, 372
2458 2460, 2186 2210, 373
2458 2460, 2186 2210, 374
2458 2460, 2186 2210, 375
2458 2460, 2186 2210, 376
2462 2465, 2186 2210, 377
2462 2465, 2186 2210, 378
2462 2465, 2186 2210, 379
2462 2465, 2186 2210, 380
2489 2490, 2186 2210, 381
2489 2490, 2186 2210, 382
2489 2490, 2186 2210, 383
2489 2490, 2186 2210, 384
2186 2210, 2709 2754, 385
2186 2210, 2709 2754, 386
2186 2210, 2709 2754, 387
2186 2210, 2709 2754, 388
2757 2762, 2186 2210, 389
2757 2762, 2186 2210, 390
2757 2762, 2186 2210, 391
2757 2762, 2186 2210, 392
2758 3069, 2186 2210, 393
2758 3069, 2186 2210, 394
2758 3069, 2186 2210, 395
2758 3069, 2186 2210, 396
2191 2802, 2213 2217, 397
2191 2802, 2213 2217, 398
2191 2802, 2213 2217, 399
2191 2802, 2213 2217, 400
2213 2217, 2191 2802, 401
2213 2217, 2191 2802, 402
2213 2217, 2191 2802, 403
2213 2217, 2191 2802, 404
2372 2502, 2191 2802, 405
2372 2502, 2191 2802, 406
2372 2502, 2191 2802, 407
2372 2502, 2191 2802, 408
2388 2392, 2191 2802, 409
2388 2392, 2191 2802, 410
2395 2398, 2191 2802, 411
2395 2398, 2191 2802, 412
2191 2802, 2399 2404, 413
2191 2802, 2399 2404, 414
2191 2802, 2399 2404, 415
2191 2802, 2399 2404, 416
2399 2404, 2191 2802, 417
2399 2404, 2191 2802, 418
2399 2404, 2191 2802, 419
2399 2404, 2191 2802, 420
2458 2460, 2191 2802, 421
2458 2460, 2191 2802, 422
2458 2460, 2191 2802, 423
2458 2460, 2191 2802, 424
2191 2802, 2462 2465, 425
2191 2802, 2462 2465, 426
2191 2802, 2462 2465, 427
2191 2802, 2462 2465, 428
2191 2802, 2462 2465, 429
2191 2802, 2462 2465, 430
2191 2802, 2462 2465, 431
2191 2802, 2462 2465, 432
2191 2802, 2478 2482, 433
2191 2802, 2478 2482, 434
2191 2802, 2485 2614, 435
2191 2802, 2485 2614, 436
2191 2802, 2498 2499, 437
2191 2802, 2498 2499, 438
2191 2802, 2498 2499, 439
2191 2802, 2498 2499, 440
2503 2508, 2191 2802, 441
2503 2508, 2191 2802, 442
2503 2508, 2191 2802, 443
2503 2508, 2191 2802, 444
2503 2508, 2191 2802, 445
2503 2508, 2191 2802, 446
2503 2508, 2191 2802, 447
2503 2508, 2191 2802, 448
2191 2802, 2532 2535, 449
2191 2802, 2532 2535, 450
2191 2802, 2676 2677, 451
2191 2802, 2676 2677, 452
2191 2802, 2803 2805, 453
2191 2802, 2803 2805, 454
2194 2195, 2198 2200, 455
2194 2195, 2198 2200, 456
2194 2195, 2198 2200, 457
2194 2195, 2198 2200, 458
2194 2195, 2480 2483, 459
2194 2195, 2480 2483, 460
2194 2195, 2480 2483, 461
2194 2195, 2480 2483, 462
2491 2492, 2194 2195, 463
2491 2492, 2194 2195, 464
2388 2392, 2198 2200, 465
2388 2392, 2198 2200, 466
2198 2200, 2480 2483, 467
2198 2200, 2480 2483, 468
2198 2200, 2480 2483, 469
2198 2200, 2480 2483, 470
2491 2492, 2198 2200, 471
2491 2492, 2198 2200, 472
2491 2492, 2198 2200, 473
2491 2492, 2198 2200, 474
2494 2496, 2198 2200, 475
2494 2496, 2198 2200, 476
2757 2762, 2198 2200, 477
2758 3069, 2198 2200, 478
2491 2492, 2202 2203, 479
2491 2492, 2202 2203, 480
2213 2217, 2206 2210, 481
2213 2217, 2206 2210, 482
2213 2217, 2206 2210, 483
2213 2217, 2206 2210, 484
2441 2487, 2206 2210, 485
2441 2487, 2206 2210, 486
2446 2752, 2206 2210, 487
2446 2752, 2206 2210, 488
2446 2752, 2206 2210, 489
2446 2752, 2206 2210, 490
2462 2465, 2206 2210, 491
2462 2465, 2206 2210, 492
2462 2465, 2206 2210, 493
2462 2465, 2206 2210, 494
2463 2466, 2206 2210, 495
2463 2466, 2206 2210, 496
2463 2466, 2206 2210, 497
2463 2466, 2206 2210, 498
2489 2490, 2206 2210, 499
2489 2490, 2206 2210, 500
2489 2490, 2206 2210, 501
2489 2490, 2206 2210, 502
2491 2492, 2206 2210, 503
2491 2492, 2206 2210, 504
2213 2217, 2207 2497, 505
2213 2217, 2207 2497, 506
2213 2217, 2207 2497, 507
2213 2217, 2207 2497, 508
2372 2502, 2207 2497, 509
2372 2502, 2207 2497, 510
2462 2465, 2207 2497, 511
2462 2465, 2207 2497, 512
2462 2465, 2207 2497, 513
2462 2465, 2207 2497, 514
2463 2466, 2207 2497, 515
2463 2466, 2207 2497, 516
2463 2466, 2207 2497, 517
2463 2466, 2207 2497, 518
2207 2497, 2478 2482, 519
2207 2497, 2478 2482, 520
2207 2497, 2478 2482, 521
2207 2497, 2478 2482, 522
2207 2497, 2485 2614, 523
2207 2497, 2485 2614, 524
2207 2497, 2485 2614, 525
2207 2497, 2485 2614, 526
2207 2497, 2485 2614, 527
2207 2497, 2485 2614, 528
2207 2497, 2485 2614, 529
2207 2497, 2485 2614, 530
2491 2492, 2207 2497, 531
2491 2492, 2207 2497, 532
2491 2492, 2207 2497, 533
2491 2492, 2207 2497, 534
2494 2496, 2207 2497, 535
2494 2496, 2207 2497, 536
2494 2496, 2207 2497, 537
2494 2496, 2207 2497, 538
2503 2508, 2207 2497, 539
2503 2508, 2207 2497, 540
2372 2502, 2208 2212, 541
2372 2502, 2208 2212, 542
2372 2502, 2208 2212, 543
2372 2502, 2208 2212, 544
2208 2212, 2379 2385, 545
2208 2212, 2379 2385, 546
2208 2212, 2379 2385, 547
2208 2212, 2379 2385, 548
2388 2392, 2208 2212, 549
2388 2392, 2208 2212, 550
2388 2392, 2208 2212, 551
2388 2392, 2208 2212, 552
2503 2508, 2208 2212, 553
2503 2508, 2208 2212, 554
2503 2508, 2208 2212, 555
2503 2508, 2208 2212, 556
2372 2502, 2213 2217, 557
2372 2502, 2213 2217, 558
2372 2502, 2213 2217, 559
2372 2502, 2213 2217, 560
2372 2502, 2213 2217, 561
2372 2502, 2213 2217, 562
2372 2502, 2213 2217, 563
2372 2502, 2213 2217, 564
2388 2392, 2213 2217, 565
2388 2392, 2213 2217, 566
2395 2398, 2213 2217, 567
2395 2398, 2213 2217, 568
2213 2217, 2399 2404, 569
2213 2217, 2399 2404, 570
2213 2217, 2441 2487, 571
2213 2217, 2441 2487, 572
2442 2449, 2213 2217, 573
2442 2449, 2213 2217, 574
2213 2217, 2446 2752, 575
2213 2217, 2446 2752, 576
2213 2217, 2446 2752, 577
2213 2217, 2446 2752, 578
2213 2217, 2446 2752, 579
2213 2217, 2446 2752, 580
2458 2460, 2213 2217, 581
2458 2460, 2213 2217, 582
2213 2217, 2458 2460, 583
2213 2217, 2458 2460, 584
2213 2217, 2458 2460, 585
2213 2217, 2458 2460, 586
2213 2217, 2462 2465, 587
2213 2217, 2462 2465, 588
2213 2217, 2462 2465, 589
2213 2217, 2462 2465, 590
2213 2217, 2462 2465, 591
2213 2217, 2462 2465, 592
2213 2217, 2462 2465, 593
2213 2217, 2462 2465, 594
2213 2217, 2463 2466, 595
2213 2217, 2463 2466, 596
2213 2217, 2463 2466, 597
2213 2217, 2463 2466, 598
2213 2217, 2478 2482, 599
2213 2217, 2478 2482, 600
2213 2217, 2478 2482, 601
2213 2217, 2478 2482, 602
2213 2217, 2478 2482, 603
2213 2217, 2478 2482, 604
2213 2217, 2485 2614, 605
2213 2217, 2485 2614, 606
2213 2217, 2485 2614, 607
2213 2217, 2485 2614, 608
2213 2217, 2485 2614, 609
2213 2217, 2485 2614, 610
2213 2217, 2485 2614, 611
2213 2217, 2485 2614, 612
2213 2217, 2485 2614, 613
2213 2217, 2485 2614, 614
2213 2217, 2489 2490, 615
2213 2217, 2489 2490, 616
2213 2217, 2489 2490, 617
2213 2217, 2489 2490, 618
2213 2217, 2489 2490, 619
2213 2217, 2489 2490, 620
2213 2217, 2489 2490, 621
2213 2217, 2489 2490, 622
2213 2217, 2491 2492, 623
2213 2217, 2491 2492, 624
2213 2217, 2491 2492, 625
2213 2217, 2491 2492, 626
2213 2217, 2491 2492, 627
2213 2217, 2491 2492, 628
2213 2217, 2491 2492, 629
2213 2217, 2491 2492, 630
2213 2217, 2491 2492, 631
2213 2217, 2491 2492, 632
2213 2217, 2498 2499, 633
2213 2217, 2498 2499, 634
2213 2217, 2498 2499, 635
2213 2217, 2498 2499, 636
2503 2508, 2213 2217, 637
2503 2508, 2213 2217, 638
2213 2217, 2532 2535, 639
2213 2217, 2532 2535, 640
2213 2217, 2676 2677, 641
2213 2217, 2676 2677, 642
2213 2217, 2709 2754, 643
2213 2217, 2709 2754, 644
2213 2217, 2709 2754, 645
2213 2217, 2709 2754, 646
2213 2217, 2709 2754, 647
2213 2217, 2709 2754, 648
2757 2762, 2213 2217, 649
2757 2762, 2213 2217, 650
2757 2762, 2213 2217, 651
2757 2762, 2213 2217, 652
2757 2762, 2213 2217, 653
2757 2762, 2213 2217, 654
2758 3069, 2213 2217, 655
2758 3069, 2213 2217, 656
2758 3069, 2213 2217, 657
2758 3069, 2213 2217, 658
2758 3069, 2213 2217, 659
2758 3069, 2213 2217, 660
2213 2217, 2803 2805, 661
2213 2217, 2803 2805, 662
2214 2218, 2317 2319, 663
2214 2218, 2317 2319, 664
2214 2218, 2317 2319, 665
2214 2218, 2317 2319, 666
2214 2218, 2317 2319, 667
2214 2218, 2317 2319, 668
2214 2218, 2317 2319, 669
2214 2218, 2317 2319, 670
2214 2218, 2387 2391, 671
2214 2218, 2387 2391, 672
2214 2218, 2409 2413, 673
2214 2218, 2409 2413, 674
2214 2218, 2696 2698, 675
2214 2218, 2696 2698, 676
2214 2218, 2696 2698, 677
2214 2218, 2696 2698, 678
2214 2218, 2696 2698, 679
2214 2218, 2696 2698, 680
2214 2218, 2696 2698, 681
2214 2218, 2696 2698, 682
2214 2218, 2696 2698, 683
2214 2218, 2696 2698, 684
2235 2242, 2219 2220, 685
2235 2242, 2219 2220, 686
2235 2242, 2219 2220, 687
2235 2242, 2219 2220, 688
2373 2376, 2219 2220, 689
2373 2376, 2219 2220, 690
2373 2543, 2219 2220, 691
2373 2543, 2219 2220, 692
2430 2453, 2219 2220, 693
2430 2453, 2219 2220, 694
2430 2453, 2219 2220, 695
2430 2453, 2219 2220, 696
2442 2449, 2219 2220, 697
2442 2449, 2219 2220, 698
2442 2449, 2219 2220, 699
2442 2449, 2219 2220, 700
2446 2752, 2219 2220, 701
2446 2752, 2219 2220, 702
2446 2752, 2219 2220, 703
2446 2752, 2219 2220, 704
2491 2492, 2219 2220, 705
2491 2492, 2219 2220, 706
2491 2492, 2219 2220, 707
2491 2492, 2219 2220, 708
2409 2413, 2225 2240, 709
2409 2413, 2225 2240, 710
2232 2233, 2347 2951, 711
2232 2233, 2347 2951, 712
2232 2233, 2347 2951, 713
2232 2233, 2347 2951, 714
2387 2391, 2232 2233, 715
2387 2391, 2232 2233, 716
2387 2391, 2232 2233, 717
2387 2391, 2232 2233, 718
2234 2241, 2323 2415, 719
2234 2241, 2323 2415, 720
2671 2675, 2234 2241, 721
2671 2675, 2234 2241, 722
2671 2675, 2234 2241, 723
2671 2675, 2234 2241, 724
2234 2241, 2810 2992, 725
2234 2241, 2810 2992, 726
2234 2241, 2810 2992, 727
2234 2241, 2810 2992, 728
2234 2563, 2323 2415, 729
2234 2563, 2323 2415, 730
2671 2675, 2234 2563, 731
2671 2675, 2234 2563, 732
2671 2675, 2234 2563, 733
2671 2675, 2234 2563, 734
2234 2563, 2810 2992, 735
2234 2563, 2810 2992, 736
2234 2563, 2810 2992, 737
2234 2563, 2810 2992, 738
2235 2242, 2373 2376, 739
2235 2242, 2373 2376, 740
2235 2242, 2373 2376, 741
2235 2242, 2373 2376, 742
2235 2242, 2373 2543, 743
2235 2242, 2373 2543, 744
2235 2242, 2373 2543, 745
2235 2242, 2373 2543, 746
2235 2242, 2430 2453, 747
2235 2242, 2430 2453, 748
2235 2242, 2430 2453, 749
2235 2242, 2430 2453, 750
2235 2242, 2442 2449, 751
2235 2242, 2442 2449, 752
2235 2242, 2442 2449, 753
2235 2242, 2442 2449, 754
2235 2242, 2446 2752, 755
2235 2242, 2446 2752, 756
2235 2242, 2446 2752, 757
2235 2242, 2446 2752, 758
2235 2242, 2491 2492, 759
2235 2242, 2491 2492, 760
2235 2242, 2491 2492, 761
2235 2242, 2491 2492, 762
2236 2243, 2409 2413, 763
2301 2307, 2393 2397, 764
2301 2307, 2393 2397, 765
2301 2307, 2393 2397, 766
2301 2307, 2393 2397, 767
2301 2307, 2393 2397, 768
2301 2307, 2393 2397, 769
2301 2307, 2393 2397, 770
2301 2307, 2393 2397, 771
2301 2307, 2411 2414, 772
2301 2307, 2411 2414, 773
2493 2495, 2301 2307, 774
2493 2495, 2301 2307, 775
2595 2599, 2301 2307, 776
2595 2599, 2301 2307, 777
2301 2307, 2652 2656, 778
2301 2307, 2652 2656, 779
2301 2307, 6219 6222, 780
2301 2307, 6219 6222, 781
2301 2307, 6219 6222, 782
2301 2307, 6219 6222, 783
2310 2533, 2311 2312, 784
2372 2502, 2310 2533, 785
2372 2502, 2310 2533, 786
2373 2376, 2310 2533, 787
2373 2376, 2310 2533, 788
2373 2543, 2310 2533, 789
2373 2543, 2310 2533, 790
2310 2533, 2527 2530, 791
2310 2533, 2798 6093, 792
2310 2533, 2798 6722, 793
2310 2533, 2960 2961, 794
2387 2391, 2347 2951, 795
2387 2391, 2347 2951, 796
2387 2391, 2347 2951, 797
2387 2391, 2347 2951, 798
2373 2376, 2351 2358, 799
2373 2376, 2351 2358, 800
2373 2543, 2351 2358, 801
2373 2543, 2351 2358, 802
2351 2358, 2513 2766, 803
2351 2358, 2513 2766, 804
2351 2358, 2513 2766, 805
2351 2358, 2513 2766, 806
2353 2360, 2355 2362, 807
2353 2360, 2355 2362, 808
2353 2360, 2355 2362, 809
2353 2360, 2355 2362, 810
2367 2370, 2353 2360, 811
2367 2370, 2353 2360, 812
2367 2370, 2353 2360, 813
2367 2370, 2353 2360, 814
2372 2502, 2353 2360, 815
2372 2502, 2353 2360, 816
2373 2376, 2353 2360, 817
2373 2376, 2353 2360, 818
2373 2543, 2353 2360, 819
2373 2543, 2353 2360, 820
2379 2385, 2353 2360, 821
2379 2385, 2353 2360, 822
2379 2385, 2353 2360, 823
2379 2385, 2353 2360, 824
2382 2815, 2353 2360, 825
2382 2815, 2353 2360, 826
2382 2815, 2353 2360, 827
2382 2815, 2353 2360, 828
2388 2392, 2353 2360, 829
2388 2392, 2353 2360, 830
2388 2392, 2353 2360, 831
2388 2392, 2353 2360, 832
2399 2404, 2353 2360, 833
2399 2404, 2353 2360, 834
2399 2404, 2353 2360, 835
2399 2404, 2353 2360, 836
2409 2413, 2353 2360, 837
2409 2413, 2353 2360, 838
2409 2413, 2353 2360, 839
2409 2413, 2353 2360, 840
2463 2466, 2353 2360, 841
2463 2466, 2353 2360, 842
2463 2466, 2353 2360, 843
2463 2466, 2353 2360, 844
2503 2508, 2353 2360, 845
2503 2508, 2353 2360, 846
2503 2508, 2353 2360, 847
2503 2508, 2353 2360, 848
2541 2589, 2353 2360, 849
2541 2589, 2353 2360, 850
2541 2589, 2353 2360, 851
2541 2589, 2353 2360, 852
2541 2589, 2353 2360, 853
2541 2589, 2353 2360, 854
2541 2589, 2353 2360, 855
2541 2589, 2353 2360, 856
2365 2369, 2354 2361, 857
2365 2369, 2354 2361, 858
2365 2369, 2354 2361, 859
2365 2369, 2354 2361, 860
2379 2385, 2354 2361, 861
2379 2385, 2354 2361, 862
2382 2815, 2354 2361, 863
2382 2815, 2354 2361, 864
2382 2815, 2354 2361, 865
2382 2815, 2354 2361, 866
2395 2398, 2354 2361, 867
2395 2398, 2354 2361, 868
2395 2398, 2354 2361, 869
2395 2398, 2354 2361, 870
2409 2413, 2354 2361, 871
2409 2413, 2354 2361, 872
2494 2496, 2354 2361, 873
2494 2496, 2354 2361, 874
2494 2496, 2354 2361, 875
2494 2496, 2354 2361, 876
2541 2589, 2354 2361, 877
2541 2589, 2354 2361, 878
2541 2589, 2354 2361, 879
2541 2589, 2354 2361, 880
2586 2587, 2354 2361, 881
2586 2587, 2354 2361, 882
2586 2587, 2354 2361, 883
2586 2587, 2354 2361, 884
2355 2362, 2356 2363, 885
2355 2362, 2356 2363, 886
2355 2362, 2356 2363, 887
2355 2362, 2356 2363, 888
2355 2362, 2357 2364, 889
2355 2362, 2357 2364, 890
2355 2362, 2357 2364, 891
2355 2362, 2357 2364, 892
2367 2370, 2355 2362, 893
2367 2370, 2355 2362, 894
2367 2370, 2355 2362, 895
2367 2370, 2355 2362, 896
2372 2502, 2355 2362, 897
2372 2502, 2355 2362, 898
2372 2502, 2355 2362, 899
2372 2502, 2355 2362, 900
2373 2376, 2355 2362, 901
2373 2376, 2355 2362, 902
2373 2376, 2355 2362, 903
2373 2376, 2355 2362, 904
2373 2543, 2355 2362, 905
2373 2543, 2355 2362, 906
2373 2543, 2355 2362, 907
2373 2543, 2355 2362, 908
2379 2385, 2355 2362, 909
2379 2385, 2355 2362, 910
2379 2385, 2355 2362, 911
2379 2385, 2355 2362, 912
2382 2815, 2355 2362, 913
2382 2815, 2355 2362, 914
2382 2815, 2355 2362, 915
2382 2815, 2355 2362, 916
2388 2392, 2355 2362, 917
2388 2392, 2355 2362, 918
2388 2392, 2355 2362, 919
2388 2392, 2355 2362, 920
2399 2404, 2355 2362, 921
2399 2404, 2355 2362, 922
2399 2404, 2355 2362, 923
2399 2404, 2355 2362, 924
2409 2413, 2355 2362, 925
2409 2413, 2355 2362, 926
2409 2413, 2355 2362, 927
2409 2413, 2355 2362, 928
2463 2466, 2355 2362, 929
2463 2466, 2355 2362, 930
2463 2466, 2355 2362, 931
2463 2466, 2355 2362, 932
2494 2496, 2355 2362, 933
2494 2496, 2355 2362, 934
2494 2496, 2355 2362, 935
2494 2496, 2355 2362, 936
2503 2508, 2355 2362, 937
2503 2508, 2355 2362, 938
2503 2508, 2355 2362, 939
2503 2508, 2355 2362, 940
2541 2589, 2355 2362, 941
2541 2589, 2355 2362, 942
2541 2589, 2355 2362, 943
2541 2589, 2355 2362, 944
2541 2589, 2355 2362, 945
2541 2589, 2355 2362, 946
2541 2589, 2355 2362, 947
2541 2589, 2355 2362, 948
2356 2363, 2357 2364, 949
2356 2363, 2357 2364, 950
2356 2363, 2357 2364, 951
2356 2363, 2357 2364, 952
2372 2502, 2356 2363, 953
2372 2502, 2356 2363, 954
2372 2502, 2356 2363, 955
2372 2502, 2356 2363, 956
2388 2392, 2356 2363, 957
2388 2392, 2356 2363, 958
2388 2392, 2356 2363, 959
2388 2392, 2356 2363, 960
2494 2496, 2356 2363, 961
2494 2496, 2356 2363, 962
2494 2496, 2356 2363, 963
2494 2496, 2356 2363, 964
2503 2508, 2356 2363, 965
2503 2508, 2356 2363, 966
2372 2502, 2357 2364, 967
2372 2502, 2357 2364, 968
2372 2502, 2357 2364, 969
2372 2502, 2357 2364, 970
2388 2392, 2357 2364, 971
2388 2392, 2357 2364, 972
2388 2392, 2357 2364, 973
2388 2392, 2357 2364, 974
2494 2496, 2357 2364, 975
2494 2496, 2357 2364, 976
2494 2496, 2357 2364, 977
2494 2496, 2357 2364, 978
2503 2508, 2357 2364, 979
2503 2508, 2357 2364, 980
2503 2508, 2357 2364, 981
2503 2508, 2357 2364, 982
2365 2369, 2379 2385, 983
2365 2369, 2379 2385, 984
2365 2369, 2382 2815, 985
2365 2369, 2382 2815, 986
2365 2369, 2382 2815, 987
2365 2369, 2382 2815, 988
2365 2369, 2395 2398, 989
2365 2369, 2395 2398, 990
2365 2369, 2395 2398, 991
2365 2369, 2395 2398, 992
2365 2369, 2409 2413, 993
2365 2369, 2409 2413, 994
2494 2496, 2365 2369, 995
2494 2496, 2365 2369, 996
2494 2496, 2365 2369, 997
2494 2496, 2365 2369, 998
2365 2369, 2541 2589, 999
2365 2369, 2541 2589, 1000
2365 2369, 2541 2589, 1001
2586 2587, 2365 2369, 1002
2586 2587, 2365 2369, 1003
2586 2587, 2365 2369, 1004
2586 2587, 2365 2369, 1005
2365 2369, 2671 2675, 1006
2372 2502, 2367 2370, 1007
2372 2502, 2367 2370, 1008
2372 2502, 2367 2370, 1009
2372 2502, 2367 2370, 1010
2373 2376, 2367 2370, 1011
2373 2376, 2367 2370, 1012
2373 2376, 2367 2370, 1013
2373 2376, 2367 2370, 1014
2373 2376, 2367 2370, 1015
2373 2376, 2367 2370, 1016
2373 2543, 2367 2370, 1017
2373 2543, 2367 2370, 1018
2373 2543, 2367 2370, 1019
2373 2543, 2367 2370, 1020
2373 2543, 2367 2370, 1021
2373 2543, 2367 2370, 1022
2367 2370, 2379 2385, 1023
2367 2370, 2379 2385, 1024
2367 2370, 2379 2385, 1025
2367 2370, 2379 2385, 1026
2367 2370, 2381 2445, 1027
2367 2370, 2381 2445, 1028
2367 2370, 2381 2445, 1029
2367 2370, 2381 2445, 1030
2382 2815, 2367 2370, 1031
2382 2815, 2367 2370, 1032
2382 2815, 2367 2370, 1033
2382 2815, 2367 2370, 1034
2367 2370, 2384 2445, 1035
2367 2370, 2384 2445, 1036
2367 2370, 2384 2445, 1037
2367 2370, 2384 2445, 1038
2388 2392, 2367 2370, 1039
2388 2392, 2367 2370, 1040
2388 2392, 2367 2370, 1041
2388 2392, 2367 2370, 1042
2367 2370, 2399 2404, 1043
2367 2370, 2399 2404, 1044
2367 2370, 2399 2404, 1045
2367 2370, 2399 2404, 1046
2409 2413, 2367 2370, 1047
2409 2413, 2367 2370, 1048
2409 2413, 2367 2370, 1049
2409 2413, 2367 2370, 1050
2367 2370, 2461 2464, 1051
2367 2370, 2461 2464, 1052
2463 2466, 2367 2370, 1053
2463 2466, 2367 2370, 1054
2463 2466, 2367 2370, 1055
2463 2466, 2367 2370, 1056
2503 2508, 2367 2370, 1057
2503 2508, 2367 2370, 1058
2503 2508, 2367 2370, 1059
2503 2508, 2367 2370, 1060
2367 2370, 2520 4918, 1061
2367 2370, 2520 4918, 1062
2541 2589, 2367 2370, 1063
2541 2589, 2367 2370, 1064
2541 2589, 2367 2370, 1065
2541 2589, 2367 2370, 1066
2541 2589, 2367 2370, 1067
2541 2589, 2367 2370, 1068
2671 2675, 2367 2370, 1069
2671 2675, 2367 2370, 1070
2372 2502, 2373 2376, 1071
2372 2502, 2373 2376, 1072
2372 2502, 2373 2376, 1073
2372 2502, 2373 2376, 1074
2372 2502, 2373 2543, 1075
2372 2502, 2373 2543, 1076
2372 2502, 2373 2543, 1077
2372 2502, 2373 2543, 1078
2372 2502, 2379 2385, 1079
2372 2502, 2379 2385, 1080
2372 2502, 2379 2385, 1081
2372 2502, 2379 2385, 1082
2372 2502, 2379 2385, 1083
2372 2502, 2379 2385, 1084
2372 2502, 2379 2385, 1085
2372 2502, 2379 2385, 1086
2372 2502, 2382 2815, 1087
2372 2502, 2382 2815, 1088
2372 2502, 2382 2815, 1089
2372 2502, 2382 2815, 1090
2372 2502, 2388 2392, 1091
2372 2502, 2388 2392, 1092
2372 2502, 2388 2392, 1093
2372 2502, 2388 2392, 1094
2372 2502, 2399 2404, 1095
2372 2502, 2399 2404, 1096
2372 2502, 2399 2404, 1097
2372 2502, 2399 2404, 1098
2372 2502, 2399 2404, 1099
2372 2502, 2399 2404, 1100
2372 2502, 2399 2404, 1101
2372 2502, 2399 2404, 1102
2372 2502, 2409 2413, 1103
2372 2502, 2409 2413, 1104
2372 2502, 2409 2413, 1105
2372 2502, 2409 2413, 1106
2372 2502, 2462 2465, 1107
2372 2502, 2462 2465, 1108
2372 2502, 2462 2465, 1109
2372 2502, 2462 2465, 1110
2372 2502, 2462 2465, 1111
2372 2502, 2462 2465, 1112
2372 2502, 2462 2465, 1113
2372 2502, 2462 2465, 1114
2372 2502, 2463 2466, 1115
2372 2502, 2463 2466, 1116
2372 2502, 2463 2466, 1117
2372 2502, 2463 2466, 1118
2372 2502, 2463 2466, 1119
2372 2502, 2463 2466, 1120
2372 2502, 2463 2466, 1121
2372 2502, 2463 2466, 1122
2372 2502, 2478 2482, 1123
2372 2502, 2478 2482, 1124
2372 2502, 2478 2482, 1125
2372 2502, 2478 2482, 1126
2372 2502, 2485 2614, 1127
2372 2502, 2485 2614, 1128
2372 2502, 2485 2614, 1129
2372 2502, 2485 2614, 1130
2372 2502, 2485 2614, 1131
2372 2502, 2485 2614, 1132
2372 2502, 2485 2614, 1133
2372 2502, 2485 2614, 1134
2372 2502, 2491 2492, 1135
2372 2502, 2491 2492, 1136
2372 2502, 2491 2492, 1137
2372 2502, 2491 2492, 1138
2494 2496, 2372 2502, 1139
2494 2496, 2372 2502, 1140
2494 2496, 2372 2502, 1141
2494 2496, 2372 2502, 1142
2372 2502, 2498 2499, 1143
2372 2502, 2498 2499, 1144
2372 2502, 2503 2508, 1145
2372 2502, 2503 2508, 1146
2372 2502, 2503 2508, 1147
2372 2502, 2503 2508, 1148
2372 2502, 2525 2526, 1149
2372 2502, 2525 2526, 1150
2372 2502, 2527 2530, 1151
2372 2502, 2527 2530, 1152
2541 2589, 2372 2502, 1153
2541 2589, 2372 2502, 1154
2372 2502, 2541 2589, 1155
2372 2502, 2541 2589, 1156
2541 2589, 2372 2502, 1157
2541 2589, 2372 2502, 1158
2372 2502, 2541 2589, 1159
2372 2502, 2541 2589, 1160
2372 2502, 2604 2605, 1161
2372 2502, 2604 2605, 1162
2372 2502, 2607 6117, 1163
2372 2502, 2607 6117, 1164
2373 2376, 2379 2385, 1165
2373 2376, 2379 2385, 1166
2373 2376, 2379 2385, 1167
2373 2376, 2379 2385, 1168
2373 2376, 2381 2445, 1169
2373 2376, 2381 2445, 1170
2373 2376, 2381 2445, 1171
2373 2376, 2381 2445, 1172
2373 2376, 2382 2815, 1173
2373 2376, 2382 2815, 1174
2373 2376, 2382 2815, 1175
2373 2376, 2382 2815, 1176
2373 2376, 2384 2445, 1177
2373 2376, 2384 2445, 1178
2373 2376, 2384 2445, 1179
2373 2376, 2384 2445, 1180
2373 2376, 2388 2392, 1181
2373 2376, 2388 2392, 1182
2373 2376, 2388 2392, 1183
2373 2376, 2388 2392, 1184
2373 2376, 2399 2404, 1185
2373 2376, 2399 2404, 1186
2373 2376, 2399 2404, 1187
2373 2376, 2399 2404, 1188
2373 2376, 2409 2413, 1189
2373 2376, 2409 2413, 1190
2373 2376, 2409 2413, 1191
2373 2376, 2409 2413, 1192
2373 2376, 2430 2453, 1193
2373 2376, 2430 2453, 1194
2373 2376, 2430 2453, 1195
2373 2376, 2430 2453, 1196
2373 2376, 2438 2440, 1197
2373 2376, 2438 2440, 1198
2373 2376, 2442 2449, 1199
2373 2376, 2442 2449, 1200
2373 2376, 2442 2449, 1201
2373 2376, 2442 2449, 1202
2373 2376, 2446 2752, 1203
2373 2376, 2446 2752, 1204
2373 2376, 2446 2752, 1205
2373 2376, 2446 2752, 1206
2373 2376, 2461 2464, 1207
2373 2376, 2461 2464, 1208
2373 2376, 2463 2466, 1209
2373 2376, 2463 2466, 1210
2373 2376, 2463 2466, 1211
2373 2376, 2463 2466, 1212
2373 2376, 2463 2466, 1213
2373 2376, 2463 2466, 1214
2373 2376, 2491 2492, 1215
2373 2376, 2491 2492, 1216
2373 2376, 2491 2492, 1217
2373 2376, 2491 2492, 1218
2373 2376, 2503 2508, 1219
2373 2376, 2503 2508, 1220
2373 2376, 2503 2508, 1221
2373 2376, 2503 2508, 1222
2373 2376, 2513 2766, 1223
2373 2376, 2513 2766, 1224
2373 2376, 2525 2526, 1225
2373 2376, 2525 2526, 1226
2373 2376, 2527 2530, 1227
2373 2376, 2527 2530, 1228
2373 2376, 2541 2589, 1229
2373 2376, 2541 2589, 1230
2541 2589, 2373 2376, 1231
2541 2589, 2373 2376, 1232
2373 2376, 2541 2589, 1233
2373 2376, 2541 2589, 1234
2541 2589, 2373 2376, 1235
2541 2589, 2373 2376, 1236
2373 2376, 2541 2589, 1237
2373 2376, 2541 2589, 1238
2373 2376, 2604 2605, 1239
2373 2376, 2604 2605, 1240
2373 2376, 2607 6117, 1241
2373 2376, 2607 6117, 1242
2373 2376, 2671 2675, 1243
2373 2376, 2671 2675, 1244
2373 2376, 2671 2675, 1245
2373 2376, 2671 2675, 1246
2373 2543, 2379 2385, 1247
2373 2543, 2379 2385, 1248
2373 2543, 2379 2385, 1249
2373 2543, 2379 2385, 1250
2373 2543, 2381 2445, 1251
2373 2543, 2381 2445, 1252
2373 2543, 2381 2445, 1253
2373 2543, 2381 2445, 1254
2373 2543, 2382 2815, 1255
2373 2543, 2382 2815, 1256
2373 2543, 2382 2815, 1257
2373 2543, 2382 2815, 1258
2373 2543, 2384 2445, 1259
2373 2543, 2384 2445, 1260
2373 2543, 2384 2445, 1261
2373 2543, 2384 2445, 1262
2373 2543, 2388 2392, 1263
2373 2543, 2388 2392, 1264
2373 2543, 2388 2392, 1265
2373 2543, 2388 2392, 1266
2373 2543, 2399 2404, 1267
2373 2543, 2399 2404, 1268
2373 2543, 2399 2404, 1269
2373 2543, 2399 2404, 1270
2373 2543, 2409 2413, 1271
2373 2543, 2409 2413, 1272
2373 2543, 2409 2413, 1273
2373 2543, 2409 2413, 1274
2373 2543, 2430 2453, 1275
2373 2543, 2430 2453, 1276
2373 2543, 2430 2453, 1277
2373 2543, 2430 2453, 1278
2373 2543, 2438 2440, 1279
2373 2543, 2438 2440, 1280
2373 2543, 2442 2449, 1281
2373 2543, 2442 2449, 1282
2373 2543, 2442 2449, 1283
2373 2543, 2442 2449, 1284
2373 2543, 2446 2752, 1285
2373 2543, 2446 2752, 1286
2373 2543, 2446 2752, 1287
2373 2543, 2446 2752, 1288
2373 2543, 2461 2464, 1289
2373 2543, 2461 2464, 1290
2373 2543, 2463 2466, 1291
2373 2543, 2463 2466, 1292
2373 2543, 2463 2466, 1293
2373 2543, 2463 2466, 1294
2373 2543, 2463 2466, 1295
2373 2543, 2463 2466, 1296
2373 2543, 2491 2492, 1297
2373 2543, 2491 2492, 1298
2373 2543, 2491 2492, 1299
2373 2543, 2491 2492, 1300
2373 2543, 2503 2508, 1301
2373 2543, 2503 2508, 1302
2373 2543, 2503 2508, 1303
2373 2543, 2503 2508, 1304
2373 2543, 2513 2766, 1305
2373 2543, 2513 2766, 1306
2373 2543, 2525 2526, 1307
2373 2543, 2525 2526, 1308
2373 2543, 2527 2530, 1309
2373 2543, 2527 2530, 1310
2373 2543, 2541 2589, 1311
2373 2543, 2541 2589, 1312
2541 2589, 2373 2543, 1313
2541 2589, 2373 2543, 1314
2373 2543, 2541 2589, 1315
2373 2543, 2541 2589, 1316
2541 2589, 2373 2543, 1317
2541 2589, 2373 2543, 1318
2373 2543, 2541 2589, 1319
2373 2543, 2541 2589, 1320
2373 2543, 2604 2605, 1321
2373 2543, 2604 2605, 1322
2373 2543, 2607 6117, 1323
2373 2543, 2607 6117, 1324
2373 2543, 2671 2675, 1325
2373 2543, 2671 2675, 1326
2373 2543, 2671 2675, 1327
2373 2543, 2671 2675, 1328
2382 2815, 2379 2385, 1329
2382 2815, 2379 2385, 1330
2382 2815, 2379 2385, 1331
2382 2815, 2379 2385, 1332
2382 2815, 2379 2385, 1333
2382 2815, 2379 2385, 1334
2388 2392, 2379 2385, 1335
2388 2392, 2379 2385, 1336
2388 2392, 2379 2385, 1337
2388 2392, 2379 2385, 1338
2388 2392, 2379 2385, 1339
2388 2392, 2379 2385, 1340
2388 2392, 2379 2385, 1341
2388 2392, 2379 2385, 1342
2395 2398, 2379 2385, 1343
2395 2398, 2379 2385, 1344
2379 2385, 2399 2404, 1345
2379 2385, 2399 2404, 1346
2379 2385, 2399 2404, 1347
2379 2385, 2399 2404, 1348
2409 2413, 2379 2385, 1349
2379 2385, 2409 2413, 1350
2409 2413, 2379 2385, 1351
2409 2413, 2379 2385, 1352
2379 2385, 2409 2413, 1353
2409 2413, 2379 2385, 1354
2463 2466, 2379 2385, 1355
2463 2466, 2379 2385, 1356
2463 2466, 2379 2385, 1357
2463 2466, 2379 2385, 1358
2494 2496, 2379 2385, 1359
2494 2496, 2379 2385, 1360
2503 2508, 2379 2385, 1361
2503 2508, 2379 2385, 1362
2503 2508, 2379 2385, 1363
2503 2508, 2379 2385, 1364
2503 2508, 2379 2385, 1365
2503 2508, 2379 2385, 1366
2503 2508, 2379 2385, 1367
2503 2508, 2379 2385, 1368
2541 2589, 2379 2385, 1369
2541 2589, 2379 2385, 1370
2541 2589, 2379 2385, 1371
2541 2589, 2379 2385, 1372
2379 2385, 2541 2589, 1373
2541 2589, 2379 2385, 1374
2541 2589, 2379 2385, 1375
2541 2589, 2379 2385, 1376
2541 2589, 2379 2385, 1377
2541 2589, 2379 2385, 1378
2379 2385, 2541 2589, 1379
2541 2589, 2379 2385, 1380
2586 2587, 2379 2385, 1381
2586 2587, 2379 2385, 1382
2381 2445, 2399 2404, 1383
2381 2445, 2399 2404, 1384
2381 2445, 2399 2404, 1385
2381 2445, 2399 2404, 1386
2463 2466, 2381 2445, 1387
2463 2466, 2381 2445, 1388
2463 2466, 2381 2445, 1389
2463 2466, 2381 2445, 1390
2382 2815, 2388 2392, 1391
2382 2815, 2388 2392, 1392
2382 2815, 2388 2392, 1393
2382 2815, 2388 2392, 1394
2382 2815, 2395 2398, 1395
2382 2815, 2395 2398, 1396
2382 2815, 2395 2398, 1397
2382 2815, 2395 2398, 1398
2382 2815, 2399 2404, 1399
2382 2815, 2399 2404, 1400
2382 2815, 2399 2404, 1401
2382 2815, 2399 2404, 1402
2382 2815, 2409 2413, 1403
2382 2815, 2409 2413, 1404
2382 2815, 2409 2413, 1405
2382 2815, 2409 2413, 1406
2382 2815, 2409 2413, 1407
2382 2815, 2409 2413, 1408
2382 2815, 2463 2466, 1409
2382 2815, 2463 2466, 1410
2382 2815, 2463 2466, 1411
2382 2815, 2463 2466, 1412
2494 2496, 2382 2815, 1413
2494 2496, 2382 2815, 1414
2494 2496, 2382 2815, 1415
2494 2496, 2382 2815, 1416
2382 2815, 2503 2508, 1417
2382 2815, 2503 2508, 1418
2382 2815, 2503 2508, 1419
2382 2815, 2503 2508, 1420
2541 2589, 2382 2815, 1421
2541 2589, 2382 2815, 1422
2382 2815, 2541 2589, 1423
2382 2815, 2541 2589, 1424
2382 2815, 2541 2589, 1425
2382 2815, 2541 2589, 1426
2541 2589, 2382 2815, 1427
2541 2589, 2382 2815, 1428
2382 2815, 2541 2589, 1429
2382 2815, 2541 2589, 1430
2382 2815, 2541 2589, 1431
2382 2815, 2541 2589, 1432
2586 2587, 2382 2815, 1433
2586 2587, 2382 2815, 1434
2586 2587, 2382 2815, 1435
2586 2587, 2382 2815, 1436
2384 2445, 2399 2404, 1437
2384 2445, 2399 2404, 1438
2384 2445, 2399 2404, 1439
2384 2445, 2399 2404, 1440
2463 2466, 2384 2445, 1441
2463 2466, 2384 2445, 1442
2463 2466, 2384 2445, 1443
2463 2466, 2384 2445, 1444
2387 2391, 2409 2413, 1445
2387 2391, 2409 2413, 1446
2387 2391, 2696 2698, 1447
2387 2391, 2696 2698, 1448
2388 2392, 2395 2398, 1449
2388 2392, 2395 2398, 1450
2388 2392, 2395 2398, 1451
2388 2392, 2395 2398, 1452
2388 2392, 2399 2404, 1453
2388 2392, 2399 2404, 1454
2388 2392, 2399 2404, 1455
2388 2392, 2399 2404, 1456
2388 2392, 2409 2413, 1457
2388 2392, 2409 2413, 1458
2388 2392, 2409 2413, 1459
2388 2392, 2409 2413, 1460
2388 2392, 2463 2466, 1461
2388 2392, 2463 2466, 1462
2388 2392, 2463 2466, 1463
2388 2392, 2463 2466, 1464
2388 2392, 2474 2725, 1465
2388 2392, 2474 2725, 1466
2388 2392, 2478 2482, 1467
2388 2392, 2478 2482, 1468
2388 2392, 2480 2483, 1469
2388 2392, 2480 2483, 1470
2388 2392, 2485 2614, 1471
2388 2392, 2485 2614, 1472
2388 2392, 2491 2492, 1473
2388 2392, 2491 2492, 1474
2494 2496, 2388 2392, 1475
2494 2496, 2388 2392, 1476
2494 2496, 2388 2392, 1477
2494 2496, 2388 2392, 1478
2494 2496, 2388 2392, 1479
2494 2496, 2388 2392, 1480
2494 2496, 2388 2392, 1481
2494 2496, 2388 2392, 1482
2388 2392, 2503 2508, 1483
2388 2392, 2503 2508, 1484
2388 2392, 2503 2508, 1485
2388 2392, 2503 2508, 1486
2388 2392, 2532 2535, 1487
2388 2392, 2532 2535, 1488
2541 2589, 2388 2392, 1489
2541 2589, 2388 2392, 1490
2388 2392, 2541 2589, 1491
2388 2392, 2541 2589, 1492
2541 2589, 2388 2392, 1493
2541 2589, 2388 2392, 1494
2388 2392, 2541 2589, 1495
2388 2392, 2541 2589, 1496
2388 2392, 2676 2677, 1497
2388 2392, 2676 2677, 1498
2388 2392, 2757 2762, 1499
2388 2392, 2758 3069, 1500
2388 2392, 2803 2805, 1501
2388 2392, 2803 2805, 1502
2388 2392, 2803 2805, 1503
2388 2392, 2803 2805, 1504
2393 2397, 2411 2414, 1505
2393 2397, 2411 2414, 1506
2493 2495, 2393 2397, 1507
2493 2495, 2393 2397, 1508
2595 2599, 2393 2397, 1509
2595 2599, 2393 2397, 1510
2393 2397, 2652 2656, 1511
2393 2397, 2652 2656, 1512
2393 2397, 6219 6222, 1513
2393 2397, 6219 6222, 1514
2393 2397, 6219 6222, 1515
2393 2397, 6219 6222, 1516
2395 2398, 2409 2413, 1517
2395 2398, 2409 2413, 1518
2395 2398, 2478 2482, 1519
2395 2398, 2478 2482, 1520
2395 2398, 2485 2614, 1521
2395 2398, 2485 2614, 1522
2494 2496, 2395 2398, 1523
2494 2496, 2395 2398, 1524
2494 2496, 2395 2398, 1525
2494 2496, 2395 2398, 1526
2395 2398, 2532 2535, 1527
2395 2398, 2532 2535, 1528
2395 2398, 2541 2589, 1529
2395 2398, 2541 2589, 1530
2395 2398, 2541 2589, 1531
2395 2398, 2541 2589, 1532
2586 2587, 2395 2398, 1533
2586 2587, 2395 2398, 1534
2586 2587, 2395 2398, 1535
2586 2587, 2395 2398, 1536
2395 2398, 2676 2677, 1537
2395 2398, 2676 2677, 1538
2395 2398, 2803 2805, 1539
2395 2398, 2803 2805, 1540
2395 2398, 2803 2805, 1541
2395 2398, 2803 2805, 1542
2409 2413, 2399 2404, 1543
2409 2413, 2399 2404, 1544
2409 2413, 2399 2404, 1545
2409 2413, 2399 2404, 1546
2399 2404, 2458 2460, 1547
2399 2404, 2458 2460, 1548
2399 2404, 2458 2460, 1549
2399 2404, 2458 2460, 1550
2399 2404, 2462 2465, 1551
2399 2404, 2462 2465, 1552
2399 2404, 2462 2465, 1553
2399 2404, 2462 2465, 1554
2463 2466, 2399 2404, 1555
2463 2466, 2399 2404, 1556
2463 2466, 2399 2404, 1557
2463 2466, 2399 2404, 1558
2399 2404, 2489 2490, 1559
2399 2404, 2489 2490, 1560
2399 2404, 2489 2490, 1561
2399 2404, 2489 2490, 1562
2399 2404, 2498 2499, 1563
2399 2404, 2498 2499, 1564
2399 2404, 2498 2499, 1565
2399 2404, 2498 2499, 1566
2503 2508, 2399 2404, 1567
2503 2508, 2399 2404, 1568
2503 2508, 2399 2404, 1569
2503 2508, 2399 2404, 1570
2541 2589, 2399 2404, 1571
2541 2589, 2399 2404, 1572
2541 2589, 2399 2404, 1573
2541 2589, 2399 2404, 1574
2541 2589, 2399 2404, 1575
2541 2589, 2399 2404, 1576
2541 2589, 2399 2404, 1577
2541 2589, 2399 2404, 1578
2399 2404, 2709 2754, 1579
2399 2404, 2709 2754, 1580
2399 2404, 2709 2754, 1581
2399 2404, 2709 2754, 1582
2757 2762, 2399 2404, 1583
2757 2762, 2399 2404, 1584
2757 2762, 2399 2404, 1585
2757 2762, 2399 2404, 1586
2758 3069, 2399 2404, 1587
2758 3069, 2399 2404, 1588
2758 3069, 2399 2404, 1589
2758 3069, 2399 2404, 1590
2409 2413, 2463 2466, 1591
2409 2413, 2463 2466, 1592
2409 2413, 2463 2466, 1593
2409 2413, 2463 2466, 1594
2494 2496, 2409 2413, 1595
2494 2496, 2409 2413, 1596
2409 2413, 2503 2508, 1597
2409 2413, 2503 2508, 1598
2409 2413, 2503 2508, 1599
2409 2413, 2503 2508, 1600
2541 2589, 2409 2413, 1601
2541 2589, 2409 2413, 1602
2541 2589, 2409 2413, 1603
2541 2589, 2409 2413, 1604
2409 2413, 2541 2589, 1605
2409 2413, 2541 2589, 1606
2409 2413, 2541 2589, 1607
2409 2413, 2541 2589, 1608
2541 2589, 2409 2413, 1609
2541 2589, 2409 2413, 1610
2541 2589, 2409 2413, 1611
2541 2589, 2409 2413, 1612
2409 2413, 2541 2589, 1613
2409 2413, 2541 2589, 1614
2409 2413, 2541 2589, 1615
2409 2413, 2541 2589, 1616
2586 2587, 2409 2413, 1617
2586 2587, 2409 2413, 1618
2493 2495, 2411 2414, 1619
2493 2495, 2411 2414, 1620
2595 2599, 2411 2414, 1621
2595 2599, 2411 2414, 1622
2424 2568, 2416 2417, 1623
2424 2568, 2416 2417, 1624
2424 2568, 2550 2551, 1625
2424 2568, 2550 2551, 1626
2424 2568, 2552 2557, 1627
2424 2568, 2552 2557, 1628
2424 2568, 2552 2557, 1629
2424 2568, 2552 2557, 1630
2424 2568, 2553 2674, 1631
2424 2568, 2553 2674, 1632
2424 2568, 2553 2674, 1633
2424 2568, 2553 2674, 1634
2424 2568, 2569 2570, 1635
2424 2568, 2569 2570, 1636
2424 2568, 2993 2994, 1637
2424 2568, 2993 2994, 1638
2424 2568, 6510 6511, 1639
2424 2568, 6510 6511, 1640
2424 2568, 6663 6664, 1641
2424 2568, 6663 6664, 1642
2430 2453, 2442 2449, 1643
2430 2453, 2442 2449, 1644
2430 2453, 2442 2449, 1645
2430 2453, 2442 2449, 1646
2430 2453, 2446 2752, 1647
2430 2453, 2446 2752, 1648
2430 2453, 2446 2752, 1649
2430 2453, 2446 2752, 1650
2430 2453, 2491 2492, 1651
2430 2453, 2491 2492, 1652
2430 2453, 2491 2492, 1653
2430 2453, 2491 2492, 1654
2442 2449, 2438 2440, 1655
2442 2449, 2438 2440, 1656
2462 2465, 2441 2487, 1657
2462 2465, 2441 2487, 1658
2463 2466, 2441 2487, 1659
2463 2466, 2441 2487, 1660
2489 2490, 2441 2487, 1661
2489 2490, 2441 2487, 1662
2442 2449, 2443 2450, 1663
2442 2449, 2443 2450, 1664
2442 2449, 2443 2450, 1665
2442 2449, 2443 2450, 1666
2442 2449, 2446 2752, 1667
2442 2449, 2446 2752, 1668
2442 2449, 2446 2752, 1669
2442 2449, 2446 2752, 1670
2442 2449, 2446 2752, 1671
2442 2449, 2446 2752, 1672
2442 2449, 2458 2460, 1673
2442 2449, 2458 2460, 1674
2442 2449, 2470 2472, 1675
2442 2449, 2470 2472, 1676
2442 2449, 2470 2472, 1677
2442 2449, 2470 2472, 1678
2442 2449, 2491 2492, 1679
2442 2449, 2491 2492, 1680
2442 2449, 2491 2492, 1681
2442 2449, 2491 2492, 1682
2442 2449, 2491 2492, 1683
2442 2449, 2491 2492, 1684
2442 2449, 2709 2754, 1685
2442 2449, 2709 2754, 1686
2757 2762, 2442 2449, 1687
2757 2762, 2442 2449, 1688
2758 3069, 2442 2449, 1689
2758 3069, 2442 2449, 1690
2470 2472, 2443 2450, 1691
2470 2472, 2443 2450, 1692
2470 2472, 2443 2450, 1693
2470 2472, 2443 2450, 1694
2458 2460, 2446 2752, 1695
2458 2460, 2446 2752, 1696
2462 2465, 2446 2752, 1697
2462 2465, 2446 2752, 1698
2462 2465, 2446 2752, 1699
2462 2465, 2446 2752, 1700
2463 2466, 2446 2752, 1701
2463 2466, 2446 2752, 1702
2463 2466, 2446 2752, 1703
2463 2466, 2446 2752, 1704
2489 2490, 2446 2752, 1705
2489 2490, 2446 2752, 1706
2489 2490, 2446 2752, 1707
2489 2490, 2446 2752, 1708
2446 2752, 2491 2492, 1709
2446 2752, 2491 2492, 1710
2446 2752, 2491 2492, 1711
2446 2752, 2491 2492, 1712
2446 2752, 2709 2754, 1713
2446 2752, 2709 2754, 1714
2757 2762, 2446 2752, 1715
2757 2762, 2446 2752, 1716
2758 3069, 2446 2752, 1717
2758 3069, 2446 2752, 1718
2458 2460, 2462 2465, 1719
2458 2460, 2462 2465, 1720
2458 2460, 2462 2465, 1721
2458 2460, 2462 2465, 1722
2458 2460, 2489 2490, 1723
2458 2460, 2489 2490, 1724
2458 2460, 2489 2490, 1725
2458 2460, 2489 2490, 1726
2458 2460, 2491 2492, 1727
2458 2460, 2491 2492, 1728
2458 2460, 2532 2535, 1729
2458 2460, 2676 2677, 1730
2458 2460, 2709 2754, 1731
2458 2460, 2709 2754, 1732
2458 2460, 2709 2754, 1733
2458 2460, 2709 2754, 1734
2757 2762, 2458 2460, 1735
2757 2762, 2458 2460, 1736
2757 2762, 2458 2460, 1737
2757 2762, 2458 2460, 1738
2758 3069, 2458 2460, 1739
2758 3069, 2458 2460, 1740
2758 3069, 2458 2460, 1741
2758 3069, 2458 2460, 1742
2458 2460, 2803 2805, 1743
2463 2466, 2461 2464, 1744
2463 2466, 2461 2464, 1745
2461 2464, 2520 4918, 1746
2461 2464, 2520 4918, 1747
2461 2464, 2520 4918, 1748
2461 2464, 2520 4918, 1749
2541 2589, 2461 2464, 1750
2541 2589, 2461 2464, 1751
2671 2675, 2461 2464, 1752
2671 2675, 2461 2464, 1753
2671 2675, 2461 2464, 1754
2671 2675, 2461 2464, 1755
2462 2465, 2463 2466, 1756
2462 2465, 2463 2466, 1757
2462 2465, 2463 2466, 1758
2462 2465, 2463 2466, 1759
2462 2465, 2478 2482, 1760
2462 2465, 2478 2482, 1761
2462 2465, 2478 2482, 1762
2462 2465, 2478 2482, 1763
2462 2465, 2485 2614, 1764
2462 2465, 2485 2614, 1765
2462 2465, 2485 2614, 1766
2462 2465, 2485 2614, 1767
2462 2465, 2485 2614, 1768
2462 2465, 2485 2614, 1769
2462 2465, 2485 2614, 1770
2462 2465, 2485 2614, 1771
2462 2465, 2489 2490, 1772
2462 2465, 2489 2490, 1773
2462 2465, 2489 2490, 1774
2462 2465, 2489 2490, 1775
2462 2465, 2491 2492, 1776
2462 2465, 2491 2492, 1777
2462 2465, 2491 2492, 1778
2462 2465, 2491 2492, 1779
2462 2465, 2491 2492, 1780
2462 2465, 2491 2492, 1781
2462 2465, 2491 2492, 1782
2462 2465, 2491 2492, 1783
2462 2465, 2498 2499, 1784
2462 2465, 2498 2499, 1785
2462 2465, 2498 2499, 1786
2462 2465, 2498 2499, 1787
2503 2508, 2462 2465, 1788
2503 2508, 2462 2465, 1789
2503 2508, 2462 2465, 1790
2503 2508, 2462 2465, 1791
2462 2465, 2709 2754, 1792
2462 2465, 2709 2754, 1793
2462 2465, 2709 2754, 1794
2462 2465, 2709 2754, 1795
2757 2762, 2462 2465, 1796
2757 2762, 2462 2465, 1797
2757 2762, 2462 2465, 1798
2757 2762, 2462 2465, 1799
2758 3069, 2462 2465, 1800
2758 3069, 2462 2465, 1801
2758 3069, 2462 2465, 1802
2758 3069, 2462 2465, 1803
2463 2466, 2478 2482, 1804
2463 2466, 2478 2482, 1805
2463 2466, 2478 2482, 1806
2463 2466, 2478 2482, 1807
2463 2466, 2485 2614, 1808
2463 2466, 2485 2614, 1809
2463 2466, 2485 2614, 1810
2463 2466, 2485 2614, 1811
2463 2466, 2485 2614, 1812
2463 2466, 2485 2614, 1813
2463 2466, 2485 2614, 1814
2463 2466, 2485 2614, 1815
2463 2466, 2489 2490, 1816
2463 2466, 2489 2490, 1817
2463 2466, 2489 2490, 1818
2463 2466, 2489 2490, 1819
2463 2466, 2491 2492, 1820
2463 2466, 2491 2492, 1821
2463 2466, 2491 2492, 1822
2463 2466, 2491 2492, 1823
2463 2466, 2491 2492, 1824
2463 2466, 2491 2492, 1825
2463 2466, 2491 2492, 1826
2463 2466, 2491 2492, 1827
2463 2466, 2503 2508, 1828
2463 2466, 2503 2508, 1829
2463 2466, 2503 2508, 1830
2463 2466, 2503 2508, 1831
2463 2466, 2520 4918, 1832
2463 2466, 2520 4918, 1833
2541 2589, 2463 2466, 1834
2463 2466, 2541 2589, 1835
2541 2589, 2463 2466, 1836
2541 2589, 2463 2466, 1837
2463 2466, 2541 2589, 1838
2541 2589, 2463 2466, 1839
2671 2675, 2463 2466, 1840
2671 2675, 2463 2466, 1841
2470 2472, 2666 2668, 1842
2470 2472, 2666 2668, 1843
2470 2472, 2666 2668, 1844
2470 2472, 2666 2668, 1845
2491 2492, 2474 2725, 1846
2491 2492, 2474 2725, 1847
2494 2496, 2474 2725, 1848
2494 2496, 2474 2725, 1849
2491 2492, 2475 2476, 1850
2491 2492, 2475 2476, 1851
2485 2614, 2478 2482, 1852
2485 2614, 2478 2482, 1853
2485 2614, 2478 2482, 1854
2485 2614, 2478 2482, 1855
2491 2492, 2478 2482, 1856
2491 2492, 2478 2482, 1857
2532 2535, 2478 2482, 1858
2532 2535, 2478 2482, 1859
2676 2677, 2478 2482, 1860
2676 2677, 2478 2482, 1861
2803 2805, 2478 2482, 1862
2803 2805, 2478 2482, 1863
2491 2492, 2480 2483, 1864
2491 2492, 2480 2483, 1865
2491 2492, 2480 2483, 1866
2491 2492, 2480 2483, 1867
2494 2496, 2480 2483, 1868
2494 2496, 2480 2483, 1869
2757 2762, 2480 2483, 1870
2757 2762, 2480 2483, 1871
2758 3069, 2480 2483, 1872
2758 3069, 2480 2483, 1873
2749 2751, 2481 2742, 1874
2491 2492, 2485 2614, 1875
2491 2492, 2485 2614, 1876
2491 2492, 2485 2614, 1877
2491 2492, 2485 2614, 1878
2491 2492, 2485 2614, 1879
2491 2492, 2485 2614, 1880
2491 2492, 2485 2614, 1881
2491 2492, 2485 2614, 1882
2485 2614, 2532 2535, 1883
2485 2614, 2532 2535, 1884
2485 2614, 2676 2677, 1885
2485 2614, 2676 2677, 1886
2485 2614, 2803 2805, 1887
2485 2614, 2803 2805, 1888
2489 2490, 2491 2492, 1889
2489 2490, 2491 2492, 1890
2489 2490, 2491 2492, 1891
2489 2490, 2491 2492, 1892
2757 2762, 2489 2490, 1893
2757 2762, 2489 2490, 1894
2757 2762, 2489 2490, 1895
2757 2762, 2489 2490, 1896
2758 3069, 2489 2490, 1897
2758 3069, 2489 2490, 1898
2758 3069, 2489 2490, 1899
2758 3069, 2489 2490, 1900
2494 2496, 2491 2492, 1901
2494 2496, 2491 2492, 1902
2491 2492, 2709 2754, 1903
2491 2492, 2709 2754, 1904
2757 2762, 2491 2492, 1905
2757 2762, 2491 2492, 1906
2757 2762, 2491 2492, 1907
2758 3069, 2491 2492, 1908
2758 3069, 2491 2492, 1909
2758 3069, 2491 2492, 1910
2595 2599, 2493 2495, 1911
2595 2599, 2493 2495, 1912
2595 2599, 2493 2495, 1913
2595 2599, 2493 2495, 1914
2494 2496, 2503 2508, 1915
2494 2496, 2503 2508, 1916
2494 2496, 2503 2508, 1917
2494 2496, 2503 2508, 1918
2494 2496, 2503 2508, 1919
2494 2496, 2503 2508, 1920
2494 2496, 2503 2508, 1921
2494 2496, 2503 2508, 1922
2494 2496, 2541 2589, 1923
2494 2496, 2541 2589, 1924
2494 2496, 2541 2589, 1925
2494 2496, 2586 2587, 1926
2494 2496, 2586 2587, 1927
2494 2496, 2586 2587, 1928
2494 2496, 2586 2587, 1929
2494 2496, 2671 2675, 1930
2494 2496, 2757 2762, 1931
2494 2496, 2757 2762, 1932
2494 2496, 2757 2762, 1933
2494 2496, 2758 3069, 1934
2494 2496, 2758 3069, 1935
2494 2496, 2758 3069, 1936
2494 2496, 7135 7136, 1937
2494 2496, 7135 7136, 1938
2494 2496, 7135 7136, 1939
2494 2496, 7135 7136, 1940
2503 2508, 2498 2499, 1941
2503 2508, 2498 2499, 1942
2541 2589, 2503 2508, 1943
2503 2508, 2541 2589, 1944
2541 2589, 2503 2508, 1945
2503 2508, 2541 2589, 1946
2541 2589, 2503 2508, 1947
2503 2508, 2541 2589, 1948
2541 2589, 2503 2508, 1949
2503 2508, 2541 2589, 1950
2503 2508, 2757 2762, 1951
2503 2508, 2757 2762, 1952
2503 2508, 2758 3069, 1953
2503 2508, 2758 3069, 1954
2503 2508, 6220 6221, 1955
2503 2508, 6220 6221, 1956
2503 2508, 6987 6988, 1957
2503 2508, 6987 6988, 1958
2503 2508, 7135 7136, 1959
2503 2508, 7135 7136, 1960
2503 2508, 7135 7136, 1961
2503 2508, 7135 7136, 1962
2532 2535, 2676 2677, 1963
2532 2535, 2676 2677, 1964
2532 2535, 2676 2677, 1965
2532 2535, 2676 2677, 1966
2803 2805, 2532 2535, 1967
2803 2805, 2532 2535, 1968
2586 2587, 2541 2589, 1969
2586 2587, 2541 2589, 1970
2541 2589, 2671 2675, 1971
2541 2589, 2671 2675, 1972
2541 2589, 2671 2675, 1973
2541 2589, 2671 2675, 1974
2552 2557, 2993 2994, 1975
2552 2557, 2993 2994, 1976
2552 2557, 2993 2994, 1977
2552 2557, 2993 2994, 1978
2569 2570, 2553 2674, 1979
2569 2570, 2553 2674, 1980
2569 2570, 2553 2674, 1981
2569 2570, 2553 2674, 1982
2560 2565, 2833 2834, 1983
2560 2565, 2833 2834, 1984
2560 2565, 2833 2834, 1985
2560 2565, 2833 2834, 1986
2560 2565, 2878 2881, 1987
2560 2565, 2878 2881, 1988
2560 2565, 2878 2881, 1989
2560 2565, 2878 2881, 1990
2586 2587, 2671 2675, 1991
2652 2656, 2600 2601, 1992
2671 2675, 2609 2610, 1993
2671 2675, 2609 2610, 1994
2671 2675, 2810 2992, 1995
2671 2675, 2810 2992, 1996
2803 2805, 2676 2677, 1997
2803 2805, 2676 2677, 1998
2757 2762, 2709 2754, 1999
2757 2762, 2709 2754, 2000
2757 2762, 2709 2754, 2001
2757 2762, 2709 2754, 2002
2758 3069, 2709 2754, 2003
2758 3069, 2709 2754, 2004
2758 3069, 2709 2754, 2005
2758 3069, 2709 2754, 2006
2723 2828, 4969 4970, 2007
2723 2828, 4969 4970, 2008
2757 2762, 2758 3069, 2009
2757 2762, 2758 3069, 2010
2757 2762, 2758 3069, 2011
2757 2762, 2758 3069, 2012
2878 2881, 2833 2834, 2013
2878 2881, 2833 2834, 2014
6621 6622, 2841 2844, 2015
6621 6622, 2841 2844, 2016
6621 6622, 2841 2844, 2017
6621 6622, 2841 2844, 2018
2993 2994, 3162 3163, 2019
2993 2994, 3162 3163, 2020
2993 2994, 3162 3163, 2021
2993 2994, 3162 3163, 2022
4152 4153, 3119 6122, 2023
4152 4153, 3119 6122, 2024
4152 4153, 3119 6122, 2025
4152 4153, 3119 6122, 2026
3151 3588, 5058 5061, 2027
3151 3588, 5058 5061, 2028
3151 3588, 5058 5061, 2029
3151 3588, 5058 5061, 2030
3187 3190, 3572 4529, 2031
3187 3190, 3572 4529, 2032
3187 3190, 3572 4529, 2033
3187 3190, 3572 4529, 2034
3237 4248, 3977 6658, 2035
3237 4248, 3977 6658, 2036
3237 4248, 3977 6658, 2037
3237 4248, 3977 6658, 2038
3250 3489, 3257 3260, 2039
3250 3489, 3257 3260, 2040
3250 3489, 3257 3260, 2041
3250 3489, 3257 3260, 2042
3323 3999, 6157 6158, 2043
3323 3999, 6157 6158, 2044
3323 3999, 6157 6158, 2045
3323 3999, 6157 6158, 2046
3389 6207, 5077 6700, 2047
3389 6207, 5077 6700, 2048
3389 6207, 5077 6700, 2049
3389 6207, 5077 6700, 2050
3389 6207, 6205 8357, 2051
3389 6207, 6205 8357, 2052
4473 4474, 3521 3524, 2053
4473 4474, 3521 3524, 2054
3558 3561, 4386 4387, 2055
3558 3561, 4386 4387, 2056
3558 3561, 4386 4387, 2057
3558 3561, 4386 4387, 2058
3613 3614, 6159 7473, 2059
3613 3614, 6159 7473, 2060
3613 3614, 6159 7473, 2061
3613 3614, 6159 7473, 2062
3674 3675, 5086 5087, 2063