1444
1001 m 2001 2002 1 1A 0 0
1002 m 2033 1126 9 1A 0 0
1003 f 2004 1004 1 1A 0 0
1004 f 2001 2002 1 1A 0 0
1005 f 1002 1003 1 1A 0 0
1006 f 2003 1009 1 1A 0 0
1007 f 1002 1003 1 1A 0 0
1008 m 2022 1182 6 1A 0 0
1009 f 2001 2002 1 1A 0 0
1010 m 2003 1009 1 2A 0 0
1011 f 0 2005 2 2A 0 0
1012 f 0 2005 2 2A 0 0
1013 f 0 0 2 2A 0 0
1014 m 0 2005 2 2A 0 0
1015 m 1010 1011 2 2A 0 0
1016 f 0 1012 2 2A 0 0
1017 m 1158 1159 9 2A/8B 0 0
1018 m 2108 2036 9 3A 0 0
1019 f 2039 2080 31 3B 0 0
1020 f 2148 1445 9 3A 0 0
1021 f 2008 2009 3 3B 0 0
1022 m 2007 1025 3 3A 0 0
1023 f 1022 1020 9 3A 0 0
1024 f 0 0 -- 3A 0 0
1025 f 2010 2011 3 3A 0 0
1026 m 2006 1021 3 3A/3B 0 0
1027 m 1112 2245 -- 4A 0 0
1028 f 2107 0 4 4A 0 0
1029 m 1395 2037 9 4A 0 0
1030 f 1027 1028 4 4A 0 0
1031 f 1027 1028 4 4A 0 0
1032 f 1027 1028 4 4A 0 0
1033 m 2161 2142 23 5A 0 0
1034 f 0 0 -- 5A 0 0
1035 m 1033 2014 13 5A 0 0
1036 f 2013 1041 5 5A 0 0
1037 f 1035 1036 5 5A 0 0
1038 m 1010 1011 2 5A 0 0
1039 f 1035 1036 5 5A 0 0
1040 m 1035 1036 5 5A 0 0
1041 f 2114 2115 5 5A 0 0
1042 m 1127 2012 5 2A 0 0
1043 m 2108 2036 9 --- 0 0
1044 f 2015 1045 5 5B/C 0 0
1045 f 2020 2019 5 5B 0 0
1046 m 1043 1044 5 5B/C 0 0
1047 m 2018 1050 -- --- 0 0
1048 m 2018 1050 -- 4A 0 0
1049 m 2018 1050 5 9A 0 0
1050 f 2016 2017 -- --- 0 0
1051 m 2016 1045 5 5B 0 0
1052 f 2031 1111 19 5B 0 0
1053 m 2106 2034 9 5C 0 0
1054 f 2020 2019 5 5C 0 0
1055 f 1284 1054 5 5C 0 0
1056 m 2013 2191 -- --- 0 0
1057 f 0 0 -- --- 0 0
1058 m 2095 2094 5 6D 0 0
1059 f 0 0 -- 5C 0 0
1060 m 1065 1066 6 --- 0 0
1061 f 2095 2094 5 5C 0 0
1062 f 1060 1061 5 5C 0 0
1063 f 1060 1061 5 5C 0 0
1064 m 1056 1057 -- --- 0 0
1065 m 2113 2145 13 6A 0 0
1066 f 2084 2085 6 6A 0 0
1067 m 2158 2124 -- --- 0 0
1068 f 1065 1066 6 6A 0 0
1069 m 1067 1068 6 1B 0 0
1070 m 1067 1068 6 6A 0 0
1071 f 1065 1066 6 6A 0 0
1072 f 1065 1066 6 6A 0 0
1073 m 0 0 9 7A 0 0
1074 m 2022 1182 6 3A 0 0
1075 m 2150 2151 31 --- 0 0
1076 f 2023 1091 7 7A 0 0
1077 m 2023 1091 7 7A 0 0
1078 f 2029 2028 -- --- 0 0
1079 f 2023 1091 7 7A 0 0
1080 m 1097 1344 24 --- 0 0
1081 f 2025 1079 7 7A 0 0
1082 f 2025 1079 7 7A 0 0
1083 m 1185 1006 1 1A 0 0
1084 m 2026 2027 32 --- 0 0
1085 f 2029 2028 -- --- 0 0
1086 f 1077 1078 7 7A 0 0
1087 f 2025 1079 7 7A 0 0
1088 m 1117 1087 7 --- 0 0
1089 m 1158 1076 7 9E 0 0
1090 m 2024 1091 7 6A 0 0
1091 f 2161 2164 7 7A 0 0
1092 m 0 0 -- --- 0 0
1093 m 2029 2028 -- --- 0 0
1094 f 1084 1085 7 8B 0 0
1095 m 2118 2117 1 --- 0 0
1096 m 2178 2179 -- --- 0 0
1097 m 2090 2091 6 --- 0 0
1098 f 2171 2172 8 8A 0 0
1099 f 1119 1108 8 8A 0 0
1100 m 1097 2030 8 8A 0 0
1101 m 1097 2030 8 8A 0 0
1102 m 1097 2030 8 8A 0 0
1103 m 1096 1099 8 8A 0 0
1104 f 1096 1099 8 8A 0 0
1105 f 1096 1099 8 8A 0 0
1106 m 0 1057 -- --- 0 0
1107 f 1119 1108 8 8B 0 0
1108 f 2171 2172 8 8B 0 0
1109 m 1119 1108 8 8B 0 0
1110 f 2031 2032 19 8B 0 0
1111 f 2020 2125 19 8B 0 0
1112 m 0 0 -- --- 0 0
1113 f 1117 1118 8 8B 0 0
1114 f 1106 1107 8 8B 0 0
1115 f 1106 1107 8 8B 0 0
1116 m 1106 1107 8 8B 0 0
1117 m 2108 2036 9 --- 0 0
1118 f 1119 1108 8 8B 0 0
1119 m 2175 2174 -- --- 0 0
1120 m 1119 1108 8 8B 0 0
1121 m 1150 2038 -- 9A 0 0
1122 f 2114 2103 9 9A 0 0
1123 f 1121 1122 9 9A 0 0
1124 m 1121 1122 9 9A 0 0
1125 m 1121 1122 9 9A 0 0
1126 f 1033 2105 9 9B 0 0
1127 m 2013 1041 5 9B 0 0
1128 f 2033 1126 9 9B 0 0
1129 m 1127 1128 9 9B 0 0
1130 f 1127 1128 9 9B 0 0
1131 f 1127 1128 9 9B 0 0
1132 f 1002 1003 1 --- 0 0
1133 m 2057 2133 16 --- 0 0
1134 f 2108 2036 9 9C/E 0 0
1135 m 1133 1134 9 9C 0 0
1136 m 1133 1134 9 9C/E 0 0
1137 f 1133 1134 9 9C/E 0 0
1138 m 2087 2144 -- 9C 0 0
1139 f 2108 2036 9 9C 0 0
1140 m 1138 1139 9 9C 0 0
1141 f 1138 1139 9 9C 0 0
1142 m 1138 1139 9 9C 0 0
1143 m 1138 1139 9 --- 0 0
1144 m 2108 2036 9 5D(9C) 0 0
1145 m 2236 2228 -- 9D 0 0
1146 m 1027 1028 4 3B/9D 0 0
1147 f 1572 2037 9 9D 0 0
1148 f 2106 2034 9 9D 0 0
1149 f 0 2103 9 6C 0 0
1150 m 2158 2086 12 --- 0 0
1151 f 0 2173 -- --- 0 0
1152 f 1150 2192 -- --- 0 0
1153 m 2109 1148 9 --- 0 0
1154 f 1150 2038 10 --- 0 0
1155 m 2039 2192 -- --- 0 0
1156 m 1150 2192 -- --- 0 0
1157 f 1153 1154 10 --- 0 0
1158 m 2071 2040 12 9E 0 0
1159 f 2109 1148 9 9E 0 0
1160 f 2071 2040 12 --- 0 0
1161 f 2152 1160 12 --- 0 0
1162 f 2152 1160 12 --- 0 0
1163 m 0 2005 2 9E 0 0
1164 m 2152 1160 12 4A 0 0
1165 f 0 1162 12 --- 0 0
1166 f 1163 1161 12 --- 0 0
1167 m 1158 1159 9 2A 0 0
1168 f 1027 1028 4 9E 0 0
1169 m 1158 1159 9 9E 0 0
1170 f 1158 1159 9 9E 0 0
1171 m 1158 1159 9 9E 0 0
1172 m 2158 2086 12 1B 0 0
1173 f 2004 1004 1 1B 0 0
1174 f 1172 1173 1 1B 0 0
1175 m 2171 2172 8 1B 0 0
1176 f 1175 1174 1 1B 0 0
1177 m 1175 1174 1 1B 0 0
1178 f 1175 1174 1 1B 0 0
1179 f 1175 1174 1 1B 0 0
1180 m 1175 1174 1 1B 0 0
1181 m 0 0 1 1B 0 0
1182 f 2084 2085 6 6B 0 0
1183 m 2022 1182 6 5A 0 0
1184 f 1181 1182 6 6B 0 0
1185 m 2084 0 6 15A 0 0
1186 f 2183 2184 -- 15A 0 0
1187 f 2099 2101 -- 15A 0 0
1188 m 2051 2168 31 15A 0 0
1189 m 2071 2040 12 6C 0 0
1190 f 2084 2085 6 --- 0 0
1191 m 1189 1190 6 --- 0 0
1192 f 1189 1190 6 --- 0 0
1193 m 1189 1190 6 --- 0 0
1194 m 0 2042 12 --- 0 0
1195 m 2158 2086 12 --- 0 0
1196 f 2084 2085 6 6D 0 0
1197 f 1195 1196 6 6D 0 0
1198 f 1195 1196 6 6D 0 0
1199 m 0 1200 20 6D 0 0
1200 f 2065 0 20 6D/20A 0 0
1201 m 2004 1004 1 --- 0 0
1202 f 2096 2097 12 12A 0 0
1203 m 1201 1202 12 12A 0 0
1204 m 1201 1202 12 12A 0 0
1205 m 1201 1202 12 12A 0 0
1206 f 1201 1202 12 12A 0 0
1207 f 1201 1202 12 12A 0 0
1208 m 0 2134 16 3B 0 0
1209 f 2152 1160 12 12B 0 0
1210 f 1208 2043 -- --- 0 0
1211 m 1205 2043 -- --- 0 0
1212 f 1208 1209 12 12A/B 0 0
1213 m 1208 1209 12 12B 0 0
1214 m 1195 1196 6 12B/32E(6D) 0 0
1215 m 2113 2145 13 12C 0 0
1216 f 2071 2040 12 12C 0 0
1217 m 1215 1216 12 12C 0 0
1218 m 1215 1216 12 12C 0 0
1219 m 1215 1216 12 12C 0 0
1220 f 2003 1209 12 8C 0 0
1221 m 1316 2053 23 1C 0 0
1222 f 0 2044 1 1C 0 0
1223 f 1221 1222 1 1C 0 0
1224 m 2203 2204 -- 1C 0 0
1225 f 1221 1222 1 1C 0 0
1226 m 2119 1330 6 1C 0 0
1227 m 2249 0 -- 1C/9G 0 0
1228 f 0 0 1 1C 0 0
1229 f 1224 1223 1 1C 0 0
1230 f 1576 2045 1 1C 0 0
1231 f 0 0 1 1C 0 0
1232 m 1570 2055 1 1C 0 0
1233 m 2208 2209 -- 16A 0 0
1234 f 2139 2133 16 16A 0 0
1235 f 2230 1234 16 16A 0 0
1236 m 2203 2205 -- 16A 0 0
1237 m 2230 1234 16 --- 0 0
1238 f 1236 1235 16 16A 0 0
1239 m 0 0 -- 17A 0 0
1240 m 1317 1318 23 17A 0 0
1241 m 1221 1222 1 17A 0 0
1242 m 1221 1222 1 17A 0 0
1243 f 1236 2047 17 17A 0 0
1244 f 1236 2047 17 17A 0 0
1245 f 1236 2047 17 17A 0 0
1246 f 1240 1245 17 17A 0 0
1247 f 1240 1245 17 17A 0 0
1248 f 1271 2047 17 17B 0 0
1249 f 1271 2047 17 17B 0 0
1250 f 1271 2047 17 17B 0 0
1251 f 1271 2047 17 17B 0 0
1252 m 1271 2047 17 17B 0 0
1253 m 1241 1244 17 17A 0 0
1254 m 2212 1111 19 6E 0 0
1255 f 1233 1267 6 6E 0 0
1256 m 2123 2122 19 6E 0 0
1257 m 2206 1368 25 6E 0 0
1258 m 1576 2045 14 6E 0 0
1259 f 1254 1255 6 6E 0 0
1260 m 1254 1255 6 6E 0 0
1261 f 2120 1267 6 6E 0 0
1262 f 1268 1261 6 6E 0 0
1263 f 1256 1261 6 6E 0 0
1264 m 1256 1261 6 6E 0 0
1265 m 1257 1262 6 6E 0 0
1266 f 1257 1262 6 6E 0 0
1267 f 2111 2112 6 6E 0 0
1268 m 2113 2145 13 18A 0 0
1269 f 2048 1273 18 18A 0 0
1270 f 2049 2052 18 18A 0 0
1271 m 2120 1267 6 18A 0 0
1272 m 2029 1270 18 18A 0 0
1273 f 2136 2138 18 18A 0 0
1274 f 1281 1282 19 18A 0 0
1275 m 0 1228 1 18A 0 0
1276 f 1236 2050 18 18A 0 0
1277 m 2051 1282 19 18A 0 0
1278 f 2131 2132 18 18A 0 0
1279 m 1236 2050 18 18A 0 0
1280 m 1236 2050 18 18A 0 0
1281 m 2048 1273 18 19A 0 0
1282 f 2121 2122 19 19A 0 0
1283 m 1281 1282 19 19A 0 0
1284 m 2197 2198 -- 19A 0 0
1285 f 2123 2122 19 19A 0 0
1286 f 1284 1285 19 19A 0 0
1287 f 1284 1285 19 19A 0 0
1288 f 1284 1285 19 19A 0 0
1289 f 2031 2032 19 5B 0 0
1290 m 1227 2054 -- 19A 0 0
1291 f 1284 1285 19 19A 0 0
1292 m 2141 1278 18 20A 0 0
1293 f 0 1200 20 20A 0 0
1294 m 1292 1293 20 20A 0 0
1295 f 1292 1293 20 20A 0 0
1296 m 2127 2126 23 14A 0 0
1297 f 2065 2064 14 14A 0 0
1298 f 1296 1297 14 14A 0 0
1299 m 1296 1297 14 21A 0 0
1300 m 1296 1297 14 14A 0 0
1301 f 1367 2058 24 14A 0 0
1302 f 1300 1301 24 14A 0 0
1303 m 2147 2135 23 21A 0 0
1304 f 2049 2170 21 21A 0 0
1305 f 1303 1304 21 21A 0 0
1306 m 2230 1234 16 21A 0 0
1307 f 1306 1305 21 21A 0 0
1308 m 1303 1304 21 18A 0 0
1309 f 1303 1304 21 21A 0 0
1310 m 1316 2053 23 22A 0 0
1311 f 2231 2232 22 22A 0 0
1312 m 1310 1311 22 22A 0 0
1313 f 1310 1311 22 22A 0 0
1314 f 1310 1311 22 22A 0 0
1315 m 1271 2047 17 22A 0 0
1316 m 0 2210 -- 23A 0 0
1317 m 0 2189 -- 23A 0 0
1318 f 1316 2053 23 23A 0 0
1319 f 1317 1318 23 23A 0 0
1320 f 1317 1318 23 23A 0 0
1321 f 1328 1319 23 23A 0 0
1322 m 1317 1318 23 23A 0 0
1323 f 1316 2053 23 23A 0 0
1324 f 1326 1323 23 23A 0 0
1325 m 1227 2054 6 23A 0 0
1326 m 2207 2205 -- 23A 0 0
1327 m 1326 1323 23 24D 0 0
1328 m 2057 1343 24 23A 0 0
1329 m 2202 2201 6 6f 0 0
1330 f 2008 2110 6 6f 0 0
1331 f 2119 1330 6 6f 0 0
1332 m 2203 2204 -- 6f 0 0
1333 f 1226 2055 -- 6f 0 0
1334 f 1227 2054 6 6f 0 0
1335 f 1332 1331 6 6f 0 0
1336 m 1332 1331 6 6f 0 0
1337 m 1351 0 -- 6f 0 0
1338 m 1371 1372 9 6f 0 0
1339 f 2185 2186 -- 24A 0 0
1340 f 1367 2058 24 24A 0 0
1341 m 2206 2045 14 24B 0 0
1342 f 2057 1343 24 24B 0 0
1343 f 2056 1344 24 24B 0 0
1344 f 2239 2240 24 24B 0 0
1345 f 2057 1343 24 24B 0 0
1346 f 1463 1464 24 24B 0 0
1347 m 1341 1342 24 24B 0 0
1348 m 1341 1342 24 24B 0 0
1349 f 1341 1342 24 24B 0 0
1350 m 1367 2058 24 6E 0 0
1351 m 2203 2205 -- 13A 0 0
1352 f 2059 2060 13 13A 0 0
1353 f 1351 1352 13 13A 0 0
1354 f 1351 1352 13 13A 0 0
1355 m 1351 1352 13 13A 0 0
1356 m 1351 1352 13 13A 0 0
1357 m 2149 0 20 6D/13A 0 0
1358 m 2111 2112 6 13B 0 0
1359 f 2059 2060 13 13B 0 0
1360 f 1358 1359 13 13B 0 0
1361 m 2065 2064 14 13B 0 0
1362 m 1367 2058 24 13B 0 0
1363 f 1361 1360 13 13B 0 0
1364 f 1361 1360 13 13B 0 0
1365 m 1361 1360 13 13B 0 0
1366 m 2187 2188 9 9H 0 0
1367 m 2147 2146 9 25A 0 0
1368 f 0 0 25 25A 0 0
1369 f 0 2243 -- 25A 0 0
1370 m 1571 2061 25 25A 0 0
1371 m 2065 2064 14 9G 0 0
1372 f 2136 2146 9 9G 0 0
1373 m 1371 1372 9 9G 0 0
1374 m 1371 1372 9 9G 0 0
1375 m 1371 1372 9 9G 0 0
1376 f 1371 1372 9 9G 0 0
1377 m 0 1330 -- 9G 0 0
1378 f 2063 2062 9 9G 0 0
1379 m 0 1331 6 9G 0 0
1380 f 1361 2062 9 9G 0 0
1381 f 2065 2064 14 14B 0 0
1382 m 1271 1381 14 9G/22A 0 0
1383 m 2066 1381 14 14B 0 0
1384 m 2066 1381 14 9G 0 0
1385 m 2066 1381 14 14B 0 0
1386 m 2066 1381 14 14B 0 0
1387 m 2071 2070 -- 28A 0 0
1388 f 2307 2308 28 28A 0 0
1389 m 1387 1388 28 28A 0 0
1390 m 1387 1388 28 28A 0 0
1391 m 1387 1388 28 28A 0 0
1392 f 1387 1388 28 28A 0 0
1393 f 1387 1388 28 28A 0 0
1394 m 1480 1481 26 28A 0 0
1395 m 2108 2219 -- 28A/32D 0 0
1396 f 1408 2069 32 28A/32D 0 0
1397 m 1395 1396 32 28A/32D 0 0
1398 f 2039 2080 -- 28A 0 0
1399 m 0 0 -- 28B 0 0
1400 f 0 2067 28 28B 0 0
1401 f 1399 1400 28 28B 0 0
1402 m 1399 1400 28 28B 0 0
1403 m 1399 1400 28 28B 0 0
1404 f 1399 1400 28 28B 0 0
1405 f 1399 1400 28 28B 0 0
1406 m 1389 1398 -- 28A 0 0
1407 m 1394 1392 28 28A 0 0
1408 m 2072 2070 -- 29A 0 0
1409 f 0 0 29 29A 0 0
1410 f 1408 1409 29 29A 0 0
1411 m 1408 1409 29 29A 0 0
1412 m 1408 1409 29 29A 0 0
1413 f 1408 1409 29 29A 0 0
1414 m 2071 2070 -- 30A 0 0
1415 f 2073 2074 30 30A 0 0
1416 m 1414 1415 30 32C 0 0
1417 m 1416 1419 32 32C 0 0
1418 f 1416 1419 32 32C 0 0
1419 f 1053 2069 32 32C 0 0
1420 m 1543 2166 32 30A 0 0
1421 f 2051 2168 31 30A 0 0
1422 m 2026 2027 32 30A 0 0
1423 f 2051 2168 31 30A 0 0
1424 m 1422 1423 31 30A 0 0
1425 m 2026 2027 32 30A 0 0
1426 f 2076 2075 30 30A 0 0
1427 m 1416 1419 32 32C 0 0
1428 m 1414 2079 12 9f 0 0
1429 f 0 1445 9 9f 0 0
1430 m 1428 1429 9 32B 0 0
1431 f 1408 2069 32 32B 0 0
1432 m 1430 1431 32 32B 0 0
1433 m 0 0 -- 9f 0 0
1434 f 1554 2079 12 12I 0 0
1435 f 1433 1434 12 9f 0 0
1436 f 1433 1434 12 12I 0 0
1437 m 1433 1434 12 9f 0 0
1438 m 1433 1434 12 12I 0 0
1439 f 1433 1434 12 12I 0 0
1440 m 1428 1429 9 9f 0 0
1441 m 1428 1429 9 9f 0 0
1442 m 1428 1429 9 9f 0 0
1443 m 1428 1429 9 9f 0 0
1444 f 1428 1429 9 9f 0 0
1445 f 0 2146 9 9f 0 0
1446 m 2077 2078 -- 9f 0 0
1447 m 1414 2079 12 --- 0 0
1448 f 2039 2080 31 31A 0 0
1449 f 1447 1460 31 31C 0 0
1450 f 1447 1448 31 31A 0 0
1451 f 1447 1448 31 31A 0 0
1452 f 1447 1448 31 31A 0 0
1453 m 1447 1448 31 31A 0 0
1454 f 1447 1460 31 31B 0 0
1455 m 1447 1460 31 31A 0 0
1456 m 1447 1460 31 31B 0 0
1457 f 1458 1449 31 31C 0 0
1458 m 1387 1388 28 31A 0 0
1459 f 2039 2080 31 31A 0 0
1460 f 2039 2080 31 31B 0 0
1461 m 1095 1575 29 31B 0 0
1462 m 1371 1575 29 31A 0 0
1463 m 2039 2080 31 24C 0 0
1464 f 1367 2058 24 24C 0 0
1465 f 1463 1464 24 24C 0 0
1466 m 1519 2081 12 32A 0 0
1467 f 1408 2069 32 32A 0 0
1468 f 1466 1467 32 32E 0 0
1469 m 1466 1467 32 32A 0 0
1470 m 1466 1467 32 32A 0 0
1471 m 1466 1467 32 32A 0 0
1472 m 2148 1445 9 12D 0 0
1473 f 1519 1474 12 12D 0 0
1474 f 1414 2079 12 12D 0 0
1475 f 1479 1474 12 12D 0 0
1476 m 1573 1473 12 12D 0 0
1477 m 1472 1473 12 12D 0 0
1478 f 1472 1473 12 12D 0 0
1479 m 0 0 -- 12D 0 0
1480 m 2221 2154 12 26A 0 0
1481 f 0 0 26 26A 0 0
1482 f 1480 1481 26 26A 0 0
1483 m 2049 2170 21 26A 0 0
1484 f 1519 1482 26 26A 0 0
1485 f 1208 1482 26 26A 0 0
1486 m 1483 1482 26 26A 0 0
1487 f 1483 1482 26 26A 0 0
1488 f 1483 1482 26 26A 0 0
1489 m 1480 1481 26 26A 0 0
1490 m 1414 0 12 26A 0 0
1491 f 0 0 33 33A 0 0
1492 m 1490 1491 33 33A 0 0
1493 m 1490 1491 33 33A 0 0
1494 f 1490 1491 33 33A 0 0
1495 f 1490 1491 33 33A 0 0
1496 f 1480 1481 26 26A 0 0
1497 m 2305 2306 -- 26A 0 0
1498 f 1480 1481 26 26A 0 0
1499 m 1519 2081 12 27A 0 0
1500 f 1497 2193 27 27A 0 0
1501 f 1499 1500 27 27A 0 0
1502 m 1499 1500 27 6B 0 0
1503 f 1499 1500 27 27A 0 0
1504 f 1499 1500 27 27A 0 0
1505 f 1497 2193 27 27A 0 0
1506 f 1497 2193 27 27B 0 0
1507 f 1519 2081 12 27A 0 0
1508 m 2026 1507 12 8A 0 0
1509 m 2026 1507 12 --- 0 0
1510 f 2026 1507 12 --- 0 0
1511 m 2026 1507 12 --- 0 0
1512 m 2026 1507 12 --- 0 0
1513 m 1497 2193 27 35A 0 0
1514 f 0 0 35 35A 0 0
1515 m 1513 1514 35 35A 0 0
1516 m 1513 1514 35 35A 0 0
1517 m 1513 1514 35 35A 0 0
1518 f 1513 1514 35 35A 0 0
1519 m 0 0 -- 27A 0 0
1520 m 1519 1505 27 27A 0 0
1521 m 2221 2154 12 29B 0 0
1522 f 0 1575 29 29B 0 0
1523 f 1521 1522 29 29B 0 0
1524 f 1521 1522 29 29B 0 0
1525 f 1521 1522 29 29B 0 0
1526 m 1521 1522 29 29B 0 0
1527 m 1521 1522 29 29B 0 0
1528 m 2082 1540 12 12E 0 0
1529 f 0 0 -- 12E 0 0
1530 f 1528 1529 -- 12E 0 0
1531 f 1528 1529 -- 12E 0 0
1532 m 1528 1529 -- 12E 0 0
1533 m 1528 1529 -- 12E 0 0
1534 f 2082 1540 12 12E 0 0
1535 f 1578 1534 12 12E 0 0
1536 m 1578 1534 12 12E 0 0
1537 f 1578 1534 12 12E 0 0
1538 f 1578 1534 12 12E 0 0
1539 f 1578 1534 12 12E 0 0
1540 f 0 2155 12 12E 0 0
1541 m 1579 1534 12 12E 0 0
1542 m 1577 1534 12 12E 0 0
1543 m 2082 1540 12 12f 0 0
1544 m 1543 2153 12 12f 0 0
1545 m 1543 2153 12 12f 0 0
1546 f 1543 2153 12 12f 0 0
1547 m 1543 2153 12 12f 0 0
1548 m 2082 1540 12 11A 0 0
1549 f 0 0 -- 11A 0 0
1550 m 1548 1549 -- 11A 0 0
1551 m 1548 1549 -- 11A 0 0
1552 f 1548 1549 -- 11A 0 0
1553 f 1548 1549 -- 11A 0 0
1554 m 0 0 -- 12G 0 0
1555 f 2082 1540 12 12G 0 0
1556 m 1554 1555 12 12G 0 0
1557 m 1554 1555 12 12G 0 0
1558 f 1554 1555 12 12G 0 0
1559 f 1554 1555 12 12G 0 0
1560 f 1554 1555 12 12G 0 0
1561 f 1554 1555 12 12G 0 0
1562 f 1554 1555 12 12G 0 0
1563 f 1554 1555 12 12G 0 0
1564 m 0 0 -- 12H 0 0
1565 f 0 0 -- 12H 0 0
1566 m 1564 1565 -- 12H 0 0
1567 m 1564 1565 -- 12H 0 0
1568 m 1564 1565 -- 12H 0 0
1569 m 1564 1565 -- 12H 0 0
1570 m 2199 2200 -- --- 0 0
1571 m 0 2124 -- --- 0 0
1572 m 0 0 -- --- 0 0
1573 m 0 0 -- --- 0 0
1574 f 2139 2133 16 --- 0 0
1575 f 0 0 29 --- 0 0
1576 m 0 0 -- --- 0 0
1577 m 0 0 -- --- 0 0
1578 m 0 0 -- --- 0 0
1579 m 0 0 -- --- 0 0
1580 m 1018 1019 31 --- 0 0
1601 m 1158 1159 9 9E 0 0
1602 f 1146 1019 31 3B 0 0
1604 f 1029 1030 4 4A 0 0
1605 f 1043 1044 5 5C 0 0
1606 m 1051 1052 19 5B 0 0
1607 f 1067 1068 6 6A 0 0
1608 f 1096 1099 8 8C 0 0
1609 m 1120 1110 19 19C 0 0
1610 m 1117 1118 8 8B 0 0
1611 m 1121 1122 9 9A 0 0
1612 f 1127 1128 9 9B 0 0
1613 m 1153 1154 10 9E 0 0
1614 f 1271 1270 9 9E 0 0
1615 m 1163 1161 12 9E 0 0
1616 f 1163 1161 12 9E 0 0
1617 f 1047 1162 12 9E 0 0
1618 f 1153 1154 10 9E 0 0
1619 m 1175 1174 1 1B 0 0
1620 f 1093 1005 1 1A 0 0
1621 m 1167 1012 2 2A 0 0
1622 m 1022 1020 9 3A 0 0
1623 m 1029 1030 4 4A 0 0
1624 f 1029 1030 4 4A 0 0
1625 m 1048 1031 4 4A 0 0
1626 m 1043 1044 5 5C 0 0
1627 f 1043 1044 5 5C 0 0
1628 f 1043 1044 5 5C 0 0
1629 f 1051 1052 19 5B/19C 0 0
1630 m 1120 1110 19 5B/19C 0 0
1631 m 1120 1110 19 5B/19C 0 0
1632 f 1181 1182 6 6B 0 0
1633 m 1074 1220 12 8C 0 0
1634 m 1106 1107 8 8A 0 0
1635 m 1117 1118 8 8B 0 0
1636 m 1117 1118 8 8B 0 0
1637 f 1121 1122 9 1B 0 0
1638 m 1121 1122 9 9A 0 0
1639 m 0 0 9 9A 0 0
1640 f 1121 1122 9 9A 0 0
1641 m 0 1152 10 10A 0 0
1642 m 1357 1198 6 6D 0 0
1643 f 1357 1198 6 6D 0 0
1644 f 1058 1197 6 6D 0 0
1645 m 1214 1210 12 32E 0 0
1646 f 1214 1210 12 32E 0 0
1647 m 1214 1210 12 32E 0 0
1648 m 1058 1059 -- 15A 0 0
1649 f 1191 1149 -- 6C 0 0
1650 m 1215 1216 12 12C 0 0
1651 f 1215 1216 12 12C 0 0
1652 f 1215 1216 12 12C 0 0
1653 f 1306 1305 21 21A 0 0
1654 f 1306 1305 21 21A 0 0
1655 f 1377 1378 -- 9H 0 0
1656 f 1379 1380 9 9H 0 0
1657 f 1379 1380 9 9H 0 0
1658 m 1366 1333 -- 9H 0 0
1659 m 1366 1333 -- 9H 0 0
1660 f 1366 1333 -- 9H 0 0
1661 m 0 0 2 2A 0 0
1663 m 1060 1061 5 5D 0 0
1664 m 0 0 9 9B 0 0
1665 m 1292 1293 20 20A 0 0
1666 f 1258 1263 6 6E 0 0
1667 m 1257 1262 6 6E 0 0
1668 f 1257 1262 6 6E 0 0
1669 m 1254 1255 6 6E 0 0
1670 m 1254 1255 6 6E 0 0
1671 f 1284 1285 19 19B 0 0
1672 f 1284 1285 19 19B 0 0
1673 m 1236 1235 16 16A 0 0
1674 m 1271 1270 18 18A 0 0
1675 f 0 1276 18 18A 0 0
1676 f 0 1276 18 18A 0 0
1677 m 1281 1282 19 19A 0 0
1678 m 1341 1342 24 24B 0 0
1679 m 1341 1345 24 24B 0 0
1680 f 1341 1342 24 24B 0 0
1681 f 1341 1342 24 24B 0 0
1682 f 1300 1301 14 14A 0 0
1683 f 2066 1381 14 14B 0 0
1684 f 1361 1360 13 13B 0 0
1685 f 1361 1360 13 13B 0 0
1686 m 1362 1363 13 13B 0 0
1687 m 1362 1363 13 13B 0 0
1688 m 1325 1364 13 13B 0 0
1689 m 0 1354 13 13A 0 0
1690 m 1371 1372 9 9G 0 0
1691 m 1338 1334 14 9G 0 0
1692 f 1338 1510 -- 9G 0 0
1694 m 1240 1423 31 22A 0 0
1695 m 1240 1423 31 22A 0 0
1696 m 1310 1311 22 22A 0 0
1697 f 1328 1319 23 23A 0 0
1698 m 1328 1319 23 23A 0 0
1699 f 1328 1319 23 23A 0 0
1700 m 0 1324 23 23A 0 0
1701 f 0 0 34 34A 0 0
1702 m 1570 1701 34 34A 0 0
1703 m 1570 1701 34 34A 0 0
1704 f 1570 1701 34 34A 0 0
1705 m 1570 1701 34 34A 0 0
1706 f 1224 1223 1 1C 0 0
1707 f 1226 1225 1 1C 0 0
1708 f 1241 1244 17 17A 0 0
1709 f 1241 1244 17 17A 0 0
1710 m 1242 1243 17 17A 0 0
1711 m 1242 1243 17 17A 0 0
1712 f 0 1243 17 17A 0 0
1713 m 1240 1245 17 17A 0 0
1714 f 1240 1245 17 17A 0 0
1715 m 1211 1248 17 17B 0 0
1716 f 1211 1248 17 17B 0 0
1717 m 1462 1450 31 31A 0 0
1718 m 1462 1450 31 31A 0 0
1719 m 1462 1450 31 31A 0 0
1720 f 1447 1448 31 31A 0 0
1721 m 1433 1434 12 12I 0 0
1722 m 1433 1434 12 12I 0 0
1723 m 1433 1434 12 12I 0 0
1724 f 1466 1467 32 32A 0 0
1725 f 1466 1467 32 32A 0 0
1726 f 1472 1473 12 12D 0 0
1727 m 1472 1473 12 12D 0 0
1728 f 1499 1500 27 27A 0 0
1729 f 0 1501 27 27A 0 0
1730 m 1389 1398 -- 28A 0 0
1731 f 1399 1400 28 28B 0 0
1732 m 1399 1400 28 28B 0 0
1733 m 1408 1409 29 29A 0 0
1734 f 1408 1409 29 29A 0 0
1735 f 1408 1409 29 29A 0 0
1736 f 1395 1396 32 32D 0 0
1737 m 1430 1431 32 32B 0 0
1738 m 1430 1431 32 32B 0 0
1739 m 1430 1431 32 32B 0 0
1740 m 1443 0 9 9f 0 0
1741 m 0 1444 9 9f 0 0
1742 f 0 1444 9 9f 0 0
1743 f 1428 1429 9 9f 0 0
1744 m 1458 1449 31 31C 0 0
1745 m 1447 1460 31 31B 0 0
1746 f 1416 1419 32 32C 0 0
1747 f 1417 1484 26 32C 0 0
1748 f 1417 1484 26 32C 0 0
1749 f 1521 1522 29 29B 0 0
1750 m 1497 1496 26 26B 0 0
1751 0 1497 1496 26 26B 0 0
1752 m 1490 1491 33 33A 0 0
1753 f 1754 1494 33 33A 0 0
1754 m 0 0 -- 33A 0 0
1755 m 1513 1514 35 35A 0 0
1756 m 1513 1514 35 35A 0 0
1757 f 1513 1514 35 35A 0 0
1758 f 1513 1514 35 35A 0 0
1759 f 1483 1482 26 26C 0 0
1760 0 1483 1482 26 26C 0 0
1761 m 1483 1482 26 26C 0 0
1762 f 1483 1482 26 26C 0 0
1763 f 1106 1107 8 8A 0 0
1764 f 1327 1346 24 24D 0 0
1765 f 1513 1514 27 27B 0 0
1766 f 1461 0 31 31B 0 0
1767 f 1117 1118 8 8B 0 0
1768 f 1290 1505 -- --- 0 0
1769 f 1022 1020 9 --- 0 0
1770 m 1379 1380 9 --- 0 0
2001 m 2309 2310 -- --- 0 0
2002 f 2199 2200 -- --- 0 0
2003 m 0 0 -- --- 0 0
2004 m 2129 2128 23 --- 0 0
2005 f 2114 0 2 --- 0 0
2006 m 0 0 -- --- 0 0
2007 m 2106 0 9 --- 0 0
2008 m 2301 2302 8 --- 0 0
2009 f 2233 2234 3 --- 0 0
2010 m 2301 2302 8 --- 0 0
2011 f 2233 2234 3 --- 0 0
2012 f 0 1148 -- --- 0 0
2013 m 0 0 -- --- 0 0
2014 f 0 0 13 --- 0 0
2015 m 0 0 -- --- 0 0
2016 m 0 0 -- --- 0 0
2017 f 0 0 -- --- 0 0
2018 m 0 2019 5 5B 0 0
2019 f 2321 2190 5 5B 0 0
2020 m 2226 0 -- --- 0 0
2021 m 2319 2320 -- --- 0 0
2022 m 1195 1025 -- --- 0 0
2023 m 2236 2228 -- --- 0 0
2024 m 2218 2217 -- --- 0 0
2025 m 2113 2145 -- --- 0 0
2026 m 2150 2151 31 --- 0 0
2027 f 2157 2166 32 --- 0 0
2028 f 0 0 -- --- 0 0
2029 m 1150 2038 -- --- 0 0
2030 f 1119 1108 8 --- 0 0
2031 m 2049 2170 -- --- 0 0
2032 f 0 0 19 --- 0 0
2033 m 2171 2172 8 --- 0 0
2034 f 2255 2256 9 --- 0 0
2035 f 2255 2256 9 --- 0 0
2036 f 2106 2034 9 --- 0 0
2037 f 0 2036 9 --- 0 0
2038 f 2236 2228 -- --- 0 0
2039 m 2106 2222 3 --- 0 0
2040 f 2157 2086 12 --- 0 0
2041 f 2157 2086 12 --- 0 0
2042 f 0 2041 12 --- 0 0
2043 f 1570 0 -- --- 0 0
2044 f 2199 2200 -- --- 0 0
2045 f 2065 2064 14 --- 0 0
2046 f 0 0 17 --- 0 0
2047 f 0 2046 17 --- 0 0
2048 m 0 2128 23 --- 0 0
2049 m 2305 2306 -- --- 0 0
2050 f 1570 1278 18 --- 0 0
2051 m 0 1426 -- --- 0 0
2052 f 0 0 18 --- 0 0
2053 f 2129 2128 23 --- 0 0
2054 f 2008 2110 6 --- 0 0
2055 f 2121 2124 -- --- 0 0
2056 m 0 0 -- --- 0 0
2057 m 0 2243 -- --- 0 0
2058 f 2056 1344 24 --- 0 0
2059 m 2255 2256 -- --- 0 0
2060 f 0 0 13 --- 0 0
2061 f 1367 1368 25 --- 0 0
2062 f 0 0 9 --- 0 0
2063 m 0 0 -- --- 0 0
2064 f 0 0 14 --- 0 0
2065 m 0 2201 -- --- 0 0
2066 m 0 0 -- --- 0 0
2067 f 2307 2308 28 --- 0 0
2069 f 0 2165 32 --- 0 0
2070 f 0 0 -- --- 0 0
2071 m 0 0 -- --- 0 0
2072 m 0 0 -- --- 0 0
2073 m 0 0 -- --- 0 0
2074 f 0 0 30 --- 0 0
2075 f 0 0 30 --- 0 0
2076 m 0 0 -- --- 0 0
2077 m 0 0 -- --- 0 0
2078 f 2231 2232 -- --- 0 0
2079 f 0 2156 12 --- 0 0
2080 f 2150 2151 31 --- 0 0
2081 f 1414 2079 12 --- 0 0
2082 m 0 2156 12 --- 0 0
2083 0 0 0 -- --- 0 0
2084 m 2309 2310 -- --- 0 0
2085 f 2111 2112 6 --- 0 0
2086 f 2159 2160 12 --- 0 0
2087 m 2020 2227 -- --- 0 0
2088 0 0 0 -- --- 0 0
2089 0 0 0 -- --- 0 0
2090 m 2311 0 -- --- 0 0
2091 f 0 2110 6 --- 0 0
2092 m 2226 0 -- --- 0 0
2093 f 0 0 -- --- 0 0
2094 f 2092 0 5 5D 0 0
2095 m 2313 2314 32 --- 0 0
2096 m 0 0 -- --- 0 0
2097 f 2157 2086 12 --- 0 0
2098 m 0 0 -- --- 0 0
2099 m 2218 2217 -- --- 0 0
2101 f 2303 2304 -- --- 0 0
2102 0 0 0 -- --- 0 0
2103 f 0 2104 9 --- 0 0
2104 f 0 2035 9 --- 0 0
2105 f 2106 2034 9 --- 0 0
2106 m 2315 2316 -- --- 0 0
2107 m 0 2035 9 --- 0 0
2108 m 2220 2223 -- --- 0 0
2109 m 2238 2237 -- --- 0 0
2110 f 2111 2112 6 --- 0 0
2111 m 0 0 -- --- 0 0
2112 f 2319 2320 6 6E 0 0
2113 m 2001 2002 -- --- 0 0
2114 m 2001 2002 1 --- 0 0
2115 f 0 2190 5 --- 0 0
2116 m 2114 2115 5 --- 0 0
2117 f 2001 2002 1 --- 0 0
2118 m 2315 2316 -- --- 0 0
2119 m 2118 2117 -- --- 0 0
2120 m 2199 2200 -- --- 0 0
2121 m 2199 2200 -- --- 0 0
2122 f 0 2125 19 --- 0 0
2123 m 0 0 -- --- 0 0
2124 f 0 0 -- --- 0 0
2125 f 2321 0 19 --- 0 0
2126 f 2129 2128 23 --- 0 0
2127 m 2249 0 -- --- 0 0
2128 f 2163 2162 23 --- 0 0
2129 m 0 0 -- --- 0 0
2130 f 2163 2162 23 --- 0 0
2131 m 0 0 -- --- 0 0
2132 f 0 0 18 --- 0 0
2133 f 2136 2137 16 --- 0 0
2134 f 2136 2137 16 --- 0 0
2135 f 1316 2053 -- --- 0 0
2136 m 0 2210 -- --- 0 0
2137 f 0 0 16 --- 0 0
2138 f 2323 2324 18 --- 0 0
2139 m 2111 2112 6 --- 0 0
2141 m 2323 2324 -- --- 0 0
2142 f 2163 2162 23 --- 0 0
2143 f 2199 2200 -- --- 0 0
2144 f 0 2143 -- --- 0 0
2145 f 2325 2326 13 --- 0 0
2146 f 2255 2256 9 --- 0 0
2147 m 2111 2112 6 --- 0 0
2148 m 2307 2308 -- --- 0 0
2149 m 1316 2053 23 --- 0 0
2150 m 2301 2302 -- --- 0 0
2151 f 0 0 31 --- 0 0
2152 m 0 2154 12 --- 0 0
2153 f 0 2154 12 --- 0 0
2154 f 0 2156 12 --- 0 0
2155 f 2159 2160 12 --- 0 0
2156 f 2159 2160 12 --- 0 0
2157 m 2327 2328 -- --- 0 0
2158 m 2327 2328 -- --- 0 0
2159 m 0 0 -- --- 0 0
2160 f 0 0 12 --- 0 0
2161 m 0 0 -- --- 0 0
2162 f 0 0 23 --- 0 0
2163 m 0 0 -- --- 0 0
2164 f 0 0 7 7A 0 0
2165 f 2313 2314 32 --- 0 0
2166 f 2313 2314 32 --- 0 0
2167 f 2004 1426 30 --- 0 0
2168 f 2150 2151 31 --- 0 0
2170 f 0 0 21 --- 0 0
2171 m 2321 2190 -- --- 0 0
2172 f 0 0 8 --- 0 0
2173 f 2317 2318 -- --- 0 0
2174 f 2317 2318 -- --- 0 0
2175 m 2303 2304 -- --- 0 0
2178 m 0 0 -- --- 0 0
2179 f 2181 2180 -- --- 0 0
2180 f 0 0 -- --- 0 0
2181 m 0 0 -- --- 0 0
2183 m 2303 2304 -- --- 0 0
2184 f 2163 2162 -- --- 0 0
2185 m 0 0 -- --- 0 0
2186 f 0 0 -- --- 0 0
2187 m 0 0 -- --- 0 0
2188 f 0 0 -- --- 0 0
2189 f 0 0 1 --- 0 0
2190 f 0 0 5 --- 0 0
2191 f 2171 2217 -- --- 0 0
2192 f 2150 2151 -- --- 0 0
2193 f 2071 0 -- --- 0 0
2194 f 2084 0 -- --- 0 0
2195 m 2226 0 -- --- 0 0
2196 m 2131 2132 -- --- 0 0
2197 m 0 0 -- --- 0 0
2198 f 2111 2112 -- --- 0 0
2199 m 2224 2225 -- --- 0 0
2200 f 0 0 -- --- 0 0
2201 f 0 0 -- --- 0 0
2202 m 0 0 -- --- 0 0
2203 m 2250 0 -- --- 0 0
2204 f 0 2243 -- --- 0 0
2205 f 2065 0 -- --- 0 0
2206 m 0 0 -- --- 0 0
2207 m 0 2044 -- --- 0 0
2208 m 0 0 -- --- 0 0
2209 f 0 0 -- --- 0 0
2210 f 0 0 -- --- 0 0
2211 m 0 0 -- --- 0 0
2212 m 0 2110 -- --- 0 0
2213 m 2120 1267 -- --- 0 0
2214 f 0 2201 -- --- 0 0
2215 m 0 0 -- --- 0 0
2216 f 2013 1041 -- --- 0 0
2217 f 2333 2334 -- --- 0 0
2218 m 0 0 -- --- 0 0
2219 f 0 0 -- --- 0 0
2220 m 2224 2225 -- --- 0 0
2221 m 0 0 -- --- 0 0
2222 f 2161 0 -- --- 0 0
2223 f 0 0 -- --- 0 0
2224 m 0 0 -- --- 0 0
2225 f 0 0 -- --- 0 0
2226 m 0 0 -- --- 0 0
2227 f 2329 2330 -- --- 0 0
2228 f 0 2229 -- --- 0 0
2229 f 2329 2330 -- --- 0 0
2230 m 2236 2228 -- --- 0 0
2231 m 2096 2097 -- --- 0 0
2232 f 0 0 -- --- 0 0
2233 m 0 0 -- --- 0 0
2234 f 0 0 -- --- 0 0
2235 f 2010 2011 -- --- 0 0
2236 m 2161 2142 -- --- 0 0
2237 f 0 2229 -- --- 0 0
2238 m 0 0 -- --- 0 0
2239 m 2241 2242 -- --- 0 0
2240 f 2325 2326 -- --- 0 0
2241 m 0 0 -- --- 0 0
2242 f 0 0 -- --- 0 0
2243 f 0 0 -- --- 0 0
2244 m 0 1369 -- --- 0 0
2245 f 2331 2332 -- --- 0 0
2246 f 2331 2332 -- --- 0 0
2247 m 0 0 -- --- 0 0
2248 f 2331 2332 -- --- 0 0
2249 m 0 2248 -- --- 0 0
2250 m 0 0 -- --- 0 0
2251 m 2010 2011 -- --- 0 0
2252 m 0 0 -- --- 0 0
2253 f 2333 2334 -- --- 0 0
2254 f 2024 0 -- --- 0 0
2255 m 2309 2310 -- --- 0 0
2256 f 0 0 -- --- 0 0
2257 m 0 2258 -- --- 0 0
2258 f 2313 2314 -- --- 0 0
2259 m 0 0 -- --- 0 0
2301 m 0 0 -- --- 0 0
2302 f 0 0 -- --- 0 0
2303 m 0 0 -- --- 0 0
2304 f 0 0 -- --- 0 0
2305 m 0 0 -- --- 0 0
2306 f 0 0 -- --- 0 0
2307 m 0 0 -- --- 0 0
2308 f 0 0 -- --- 0 0
2309 m 0 0 -- --- 0 0
2310 f 0 0 -- --- 0 0
2311 m 2161 2142 -- --- 0 0
2313 m 0 0 -- --- 0 0
2314 f 0 0 -- --- 0 0
2315 m 0 0 -- --- 0 0
2316 f 0 0 -- --- 0 0
2317 m 0 0 -- --- 0 0
2318 f 0 0 -- --- 0 0
2319 m 0 0 -- --- 0 0
2320 f 0 0 -- --- 0 0
2321 m 0 0 -- --- 0 0
2323 m 0 0 -- --- 0 0
2324 f 0 0 -- --- 0 0
2325 m 0 0 -- --- 0 0
2326 f 0 0 -- --- 0 0
2327 m 0 0 -- --- 0 0
2328 f 0 0 -- --- 0 0
2329 m 0 0 -- --- 0 0
2330 f 0 0 -- --- 0 0
2331 m 0 0 -- --- 0 0
2332 f 0 0 -- --- 0 0
2333 m 0 0 -- --- 0 0
2334 f 0 0 -- --- 0 0
3001 m 1183 1130 9 --- 0 0
3002 f 1171 1016 2 --- 0 0
3003 m 3001 3002 2 --- 0 0
3004 f 3001 3002 2 --- 0 0
3005 f 3001 3002 2 --- 0 0
3006 m 3001 3002 2 --- 0 0
3007 m 1171 1016 2 --- 0 0
3008 f 0 0 -- --- 0 0
3009 m 3007 3008 -- --- 0 0
3010 f 3007 3008 -- --- 0 0
3011 m 3007 3008 -- --- 0 0
3013 m 1623 1165 12 --- 0 0
3014 m 1623 1165 12 --- 0 0
3015 f 1623 1165 12 --- 0 0
3016 m 1163 1161 12 --- 0 0
3017 f 1017 0 -- --- 0 0
3018 f 0 3017 -- --- 0 0
3019 m 0 3017 -- --- 0 0
3020 m 3016 3017 -- --- 0 0
3021 m 3016 3017 -- --- 0 0
3022 f 0 0 -- --- 0 0
3023 m 1615 3022 -- --- 0 0
3024 m 1615 3022 -- --- 0 0
3025 m 1615 3022 -- --- 0 0
3027 m 1615 3022 -- --- 0 0
3028 m 1163 1161 12 --- 0 0
3029 f 1129 1166 12 --- 0 0
3030 f 3414 3029 12 --- 0 0
3031 m 3414 3029 12 --- 0 0
3032 m 3414 3029 12 --- 0 0
3033 m 0 3029 12 --- 0 0
3034 m 3058 3059 2 --- 0 0
3035 f 3414 3029 12 --- 0 0
3036 m 3034 3035 12 --- 0 0
3037 m 3213 3214 -- --- 0 0
3038 f 3414 3029 12 --- 0 0
3039 m 0 0 -- --- 0 0
3040 f 1129 1166 12 --- 0 0
3041 m 0 3040 12 --- 0 0
3042 m 3039 3040 12 --- 0 0
3043 m 1038 1039 5 --- 0 0
3044 m 3043 1618 10 --- 0 0
3045 m 1402 0 -- --- 0 0
3046 f 3043 1618 10 --- 0 0
3047 f 3045 3046 -- --- 0 0
3048 m 3045 3046 -- --- 0 0
3049 f 3045 3046 -- --- 0 0
3050 m 1129 1166 12 --- 0 0
3051 f 3043 1618 10 --- 0 0
3052 m 1183 1130 9 --- 0 0
3053 f 3043 1618 10 --- 0 0
3054 m 1038 1039 5 --- 0 0
3055 f 0 1154 10 --- 0 0
3056 f 3054 3055 10 --- 0 0
3057 m 0 0 -- --- 0 0
3058 m 1014 1157 10 --- 0 0
3059 f 1064 1012 2 --- 0 0
3060 f 3058 3059 2 --- 0 0
3061 f 3058 3059 2 --- 0 0
3062 f 3058 3059 2 --- 0 0
3063 f 3206 3062 2 --- 0 0
3064 f 1402 0 -- --- 0 0
3065 f 1635 1616 12 --- 0 0
3066 f 1635 1616 12 --- 0 0
3067 m 1635 1616 12 --- 0 0
3068 f 1635 1616 12 --- 0 0
3069 m 1635 1616 12 --- 0 0
3070 m 0 0 -- --- 0 0
3071 f 1635 1616 12 --- 0 0
3072 f 3070 3071 12 --- 0 0
3073 m 0 0 -- --- 0 0
3074 f 1635 1616 12 --- 0 0
3075 m 3073 3074 12 --- 0 0
3076 m 1635 1616 12 --- 0 0
3077 f 1601 1607 6 --- 0 0
3078 m 3076 3077 6 --- 0 0
3079 m 3076 3077 6 --- 0 0
3080 m 1042 3307 9 --- 0 0
3081 f 3082 3083 12 --- 0 0
3082 m 1142 1063 5 --- 0 0
3083 f 1129 1166 12 --- 0 0
3084 m 3082 3083 12 --- 0 0
3085 f 3082 3083 12 --- 0 0
3086 m 3082 3083 12 --- 0 0
3087 f 3082 3083 12 --- 0 0
3088 m 3082 3083 12 --- 0 0
3089 m 3219 0 -- --- 0 0
3090 f 3082 3083 12 --- 0 0
3091 m 3089 3090 12 --- 0 0
3092 f 1663 1612 9 --- 0 0
3093 m 1663 1612 9 --- 0 0
3094 m 1623 1165 12 --- 0 0
3095 f 1663 1612 9 --- 0 0
3096 f 3016 3095 9 --- 0 0
3097 f 3094 3095 9 --- 0 0
3098 m 0 0 -- --- 0 0
3099 f 1663 1612 9 --- 0 0
3100 f 0 3099 9 --- 0 0
3101 m 3108 3109 -- --- 0 0
3102 f 1663 1612 9 --- 0 0
3103 m 1622 1141 9 --- 0 0
3104 f 1663 1612 9 --- 0 0
3105 m 3103 3104 9 --- 0 0
3106 m 1622 1141 9 --- 0 0
3107 f 1002 0 -- --- 0 0
3108 m 1042 3307 9 --- 0 0
3109 f 1135 0 -- --- 0 0
3110 m 3108 3109 -- --- 0 0
3111 f 3108 3109 -- --- 0 0
3112 f 3108 3109 -- --- 0 0
3113 m 3108 3109 -- --- 0 0
3114 m 3108 3109 -- --- 0 0
3115 m 1135 0 -- --- 0 0
3116 f 1042 3307 9 --- 0 0
3117 f 3115 3116 9 --- 0 0
3118 m 3115 3116 9 --- 0 0
3119 m 3115 3116 9 --- 0 0
3120 m 1038 1039 5 --- 0 0
3121 f 1017 0 -- --- 0 0
3122 f 3120 3121 -- --- 0 0
3123 m 3120 3121 -- --- 0 0
3124 m 3120 3121 -- --- 0 0
3125 f 3120 3121 -- --- 0 0
3126 f 3120 3121 -- --- 0 0
3127 f 3120 3121 -- --- 0 0
3128 m 0 0 -- --- 0 0
3129 f 1090 1072 6 --- 0 0
3130 m 3128 3129 6 --- 0 0
3131 m 3128 3129 6 --- 0 0
3132 m 1136 1023 9 --- 0 0
3133 f 1090 1072 6 --- 0 0
3134 f 3132 3133 6 --- 0 0
3135 f 3132 3133 6 --- 0 0
3136 m 0 0 -- --- 0 0
3137 f 1090 1072 6 --- 0 0
3138 m 3136 3137 6 --- 0 0
3139 m 3136 3137 6 --- 0 0
3140 m 3136 3137 6 --- 0 0
3141 m 3136 3137 6 --- 0 0
3142 m 3136 3137 6 --- 0 0
3143 m 3136 3137 6 --- 0 0
3144 m 1090 1072 6 --- 0 0
3145 m 1017 0 -- --- 0 0
3146 m 1060 0 -- --- 0 0
3147 f 1017 0 -- --- 0 0
3148 f 3146 3147 -- --- 0 0
3149 f 3146 3147 -- --- 0 0
3150 m 3146 3147 -- --- 0 0
3151 m 3146 3147 -- --- 0 0
3152 f 3146 3147 -- --- 0 0
3153 f 3146 3147 -- --- 0 0
3154 m 0 0 -- --- 0 0
3155 f 3260 3261 12 --- 0 0
3156 f 3154 3155 12 --- 0 0
3157 m 3154 3155 12 --- 0 0
3158 m 3154 3155 12 --- 0 0
3159 f 3154 3155 12 --- 0 0
3160 f 3154 3155 12 --- 0 0
3161 m 1084 1085 -- --- 0 0
3162 f 1038 1039 5 --- 0 0
3163 m 3161 3162 5 --- 0 0
3164 m 3161 3162 5 --- 0 0
3165 m 3161 3162 5 --- 0 0
3166 m 3161 3162 5 --- 0 0
3167 m 3161 3162 5 --- 0 0
3168 f 3161 3162 5 --- 0 0
3169 m 3161 3162 5 --- 0 0
3170 m 3161 3162 5 --- 0 0
3171 f 3161 3162 5 --- 0 0
3172 f 3161 3162 5 --- 0 0
3173 m 1038 1039 5 --- 0 0
3174 m 0 1094 7 --- 0 0
3175 m 3174 1617 12 --- 0 0
3176 m 3174 1617 12 --- 0 0
3177 m 3174 1617 12 --- 0 0
3178 m 0 1131 9 --- 0 0
3179 f 1623 1165 12 --- 0 0
3180 f 3178 3179 12 --- 0 0
3181 f 3178 3179 12 --- 0 0
3182 m 1163 1161 12 --- 0 0
3183 f 0 1131 9 --- 0 0
3184 f 3182 3183 9 --- 0 0
3185 m 3182 3183 9 --- 0 0
3186 f 3182 3183 9 --- 0 0
3187 f 3182 3183 9 --- 0 0
3188 f 3182 3183 9 --- 0 0
3189 f 3058 3059 2 --- 0 0
3190 f 3294 3189 2 --- 0 0
3191 m 3294 3189 2 --- 0 0
3192 m 3294 3189 2 --- 0 0
3193 m 3294 3189 2 --- 0 0
3194 m 1183 1130 9 --- 0 0
3195 f 3058 3059 2 --- 0 0
3196 f 3194 3195 2 --- 0 0
3197 m 3194 3195 2 --- 0 0
3198 f 3194 3195 2 --- 0 0
3199 f 3194 3195 2 --- 0 0
3200 m 3058 3059 2 --- 0 0
3201 m 1171 1016 2 --- 0 0
3202 f 1663 1612 9 --- 0 0
3203 m 3201 3202 9 --- 0 0
3204 m 3201 3202 9 --- 0 0
3205 f 3201 3202 9 --- 0 0
3206 m 3082 3083 12 --- 0 0
3207 f 0 3210 -- --- 0 0
3208 m 3206 3207 -- --- 0 0
3209 m 3206 3207 -- --- 0 0
3210 f 1002 0 -- --- 0 0
3211 m 0 3210 -- --- 0 0
3212 f 0 3210 -- --- 0 0
3213 m 0 0 -- --- 0 0
3214 f 0 0 -- --- 0 0
3215 m 3213 3214 -- --- 0 0
3216 m 1663 1612 9 --- 0 0
3217 f 3213 3214 -- --- 0 0
3218 f 3216 3217 -- --- 0 0
3219 m 1135 0 -- --- 0 0
3220 f 1382 1313 22 --- 0 0
3221 f 3219 3220 22 --- 0 0
3222 m 1129 1166 12 --- 0 0
3223 f 3219 3220 22 --- 0 0
3224 m 3222 3223 22 --- 0 0
3225 m 3222 3223 22 --- 0 0
3226 f 0 0 -- --- 0 0
3227 f 3286 3226 -- --- 0 0
3228 m 0 0 -- --- 0 0
3229 f 0 0 -- --- 0 0
3230 m 0 0 -- --- 0 0
3231 f 0 3238 -- --- 0 0
3232 m 3230 3231 -- --- 0 0
3233 f 1135 0 -- --- 0 0
3234 m 1663 1612 9 --- 0 0
3235 f 1135 0 -- --- 0 0
3236 f 3234 3235 -- --- 0 0
3237 m 0 0 -- --- 0 0
3238 f 1135 0 -- --- 0 0
3239 m 0 3238 -- --- 0 0
3240 f 1183 1130 9 --- 0 0
3241 m 3239 3240 9 --- 0 0
3242 m 3239 3240 9 --- 0 0
3243 m 1014 1157 10 --- 0 0
3244 f 1135 0 -- --- 0 0
3245 m 3243 3244 -- --- 0 0
3246 f 3243 3244 -- --- 0 0
3247 m 3293 1769 9 --- 0 0
3248 f 3243 3244 -- --- 0 0
3249 f 3247 3248 -- --- 0 0
3250 m 1136 1023 9 --- 0 0
3251 f 1014 1157 10 --- 0 0
3252 f 3250 3251 -- --- 0 0
3253 f 3250 3251 -- --- 0 0
3254 m 3250 3251 -- --- 0 0
3255 f 1621 3370 9 --- 0 0
3256 m 1014 1157 10 --- 0 0
3257 f 0 1137 9 --- 0 0
3258 f 0 3257 9 --- 0 0
3259 f 3256 3257 9 --- 0 0
3260 m 1022 1020 9 --- 0 0
3261 f 1129 1166 12 --- 0 0
3262 m 3260 3261 12 --- 0 0
3263 m 3260 3261 12 --- 0 0
3264 f 3260 3261 12 --- 0 0
3265 m 3136 3137 6 --- 0 0
3266 f 3260 3261 12 --- 0 0
3267 m 3265 3266 12 --- 0 0
3268 m 3265 3266 12 --- 0 0
3269 m 0 1094 7 --- 0 0
3270 f 3293 1769 9 --- 0 0
3271 m 3174 1617 12 --- 0 0
3272 f 0 1137 9 --- 0 0
3273 m 3271 3272 9 --- 0 0
3274 f 3271 3272 9 --- 0 0
3275 m 3271 3272 9 --- 0 0
3276 f 3271 3272 9 --- 0 0
3277 f 0 1137 9 --- 0 0
3278 m 0 3277 9 --- 0 0
3279 m 0 0 -- --- 0 0
3280 f 0 3292 9 --- 0 0
3281 f 3279 3280 9 --- 0 0
3282 f 3279 3280 9 --- 0 0
3283 m 3279 3280 9 --- 0 0
3284 m 0 3292 9 --- 0 0
3285 m 0 3292 9 --- 0 0
3286 m 1622 1141 9 --- 0 0
3287 m 1622 1141 9 --- 0 0
3288 m 3043 1618 10 --- 0 0
3289 f 1622 1141 9 --- 0 0
3290 f 0 1137 9 --- 0 0
3291 m 0 3290 9 --- 0 0
3292 f 0 1139 9 --- 0 0
3293 m 1127 1128 9 --- 0 0
3294 m 3293 1769 9 --- 0 0
3295 f 3293 1769 9 --- 0 0
3296 m 3293 1769 9 --- 0 0
3297 f 3293 1769 9 --- 0 0
3298 m 3293 1769 9 --- 0 0
3299 m 3136 3137 6 --- 0 0
3300 f 3293 1769 9 --- 0 0
3301 m 1124 0 -- --- 0 0
3302 f 1042 3307 9 --- 0 0
3303 f 3301 3302 9 --- 0 0
3304 m 3301 3302 9 --- 0 0
3305 m 3301 3302 9 --- 0 0
3306 m 3301 3302 9 --- 0 0
3307 f 1022 1020 9 --- 0 0
3308 m 1042 3307 9 --- 0 0
3309 f 1042 3307 9 --- 0 0
3310 f 3301 3309 9 --- 0 0
3311 m 0 1062 5 --- 0 0
3312 f 1136 1023 9 --- 0 0
3313 f 3311 3312 9 --- 0 0
3314 m 3311 3312 9 --- 0 0
3315 f 3311 3312 9 --- 0 0
3316 m 3213 3214 9 --- 0 0
3317 f 3311 3312 9 --- 0 0
3318 m 0 3333 6 --- 0 0
3319 f 0 3312 9 --- 0 0
3320 m 3318 3319 9 --- 0 0
3321 m 1136 1023 9 --- 0 0
3322 f 0 0 -- --- 0 0
3323 f 3321 3322 -- --- 0 0
3324 m 3321 3322 -- --- 0 0
3325 m 3321 3322 -- --- 0 0
3326 m 1136 1023 9 --- 0 0
3327 f 1663 1604 4 --- 0 0
3328 m 1029 1030 4 --- 0 0
3329 m 1382 1313 22 --- 0 0
3330 f 1144 0 -- --- 0 0
3331 f 3329 3330 -- --- 0 0
3332 m 1029 1030 4 --- 0 0
3333 f 1090 1072 6 --- 0 0
3334 m 3332 3333 6 --- 0 0
3335 m 3332 3333 6 --- 0 0
3336 f 3332 3333 6 --- 0 0
3337 m 3332 3333 6 --- 0 0
3338 m 3332 3333 6 --- 0 0
3339 m 1135 0 -- --- 0 0
3340 f 3332 3333 6 --- 0 0
3341 m 3339 3340 6 --- 0 0
3342 f 3339 3340 6 --- 0 0
3343 m 3339 3340 6 --- 0 0
3344 m 1601 1607 6 --- 0 0
3345 m 1601 1607 6 --- 0 0
3346 f 1601 1607 6 --- 0 0
3347 m 1601 1607 6 --- 0 0
3348 m 1601 1607 6 --- 0 0
3349 f 1601 1607 6 --- 0 0
3350 f 1601 1607 6 --- 0 0
3351 f 3256 3350 6 --- 0 0
3352 f 3371 3350 6 --- 0 0
3353 f 0 3350 6 --- 0 0
3354 m 1601 1607 6 --- 0 0
3355 f 1623 1165 12 --- 0 0
3356 f 3354 3355 12 --- 0 0
3357 m 0 0 -- --- 0 0
3358 f 0 1131 9 --- 0 0
3359 f 3357 3358 9 --- 0 0
3360 f 0 3358 9 --- 0 0
3361 m 0 1131 9 --- 0 0
3362 m 0 1131 9 --- 0 0
3363 m 0 1131 9 --- 0 0
3364 m 1038 1039 5 --- 0 0
3365 f 1183 1130 9 --- 0 0
3366 m 3364 3365 9 --- 0 0
3367 m 3364 3365 9 --- 0 0
3368 m 3364 3365 9 --- 0 0
3369 m 3364 3365 9 --- 0 0
3370 f 1127 1128 9 --- 0 0
3371 m 1621 3370 9 --- 0 0
3372 f 1621 3370 9 --- 0 0
3373 f 1621 3370 9 --- 0 0
3374 f 1621 3370 9 --- 0 0
3375 m 1621 3370 9 --- 0 0
3376 m 1621 3370 9 --- 0 0
3377 f 0 3386 -- --- 0 0
3378 m 3050 3377 -- --- 0 0
3379 f 3050 3377 -- --- 0 0
3380 f 3050 3377 -- --- 0 0
3381 f 3050 3377 -- --- 0 0
3382 m 0 3386 -- --- 0 0
3383 f 1635 1616 12 --- 0 0
3384 f 0 3383 12 --- 0 0
3385 m 1029 1030 4 --- 0 0
3386 f 0 0 -- --- 0 0
3387 m 0 0 -- --- 0 0
3388 f 0 3386 -- --- 0 0
3389 f 3387 3388 -- --- 0 0
3390 f 3387 3388 -- --- 0 0
3391 f 0 0 -- --- 0 0
3392 f 1402 3391 -- --- 0 0
3393 m 1084 1085 -- --- 0 0
3394 f 1060 0 -- --- 0 0
3395 m 3393 3394 -- --- 0 0
3396 m 3393 3394 -- --- 0 0
3397 m 3393 3394 -- --- 0 0
3398 m 0 0 -- --- 0 0
3399 f 3393 3394 -- --- 0 0
3400 f 3398 3399 -- --- 0 0
3401 m 1127 1128 9 --- 0 0
3402 f 1073 1062 5 --- 0 0
3403 m 3401 3402 5 --- 0 0
3404 m 3401 3402 5 --- 0 0
3405 m 3401 3402 5 --- 0 0
3406 f 3401 3402 5 --- 0 0
3407 m 3401 3402 5 --- 0 0
3408 f 3401 3402 5 --- 0 0
3409 f 3401 3402 5 --- 0 0
3410 f 3401 3402 5 --- 0 0
3411 f 1142 1063 5 --- 0 0
3412 f 1142 1063 5 --- 0 0
3413 f 1142 1063 5 --- 0 0
3414 m 0 3292 9 --- 0 0
3415 m 3414 3029 12 --- 0 0
