Anel, Ego, Alter, BarryPercurso, PercursoColorido, , Numero de Cores, Cores
1, 1007, 1006, m1007 (m1105) f1006 , 1007[ 1105 ] (1105[ 1105 ]) 1006[ 1105 ] , 1, (1105) 
2, 1008, 1011, m1008 (m1001) f1011 , 1008[ 1001 ] (1001[ 1001 ]) 1011[ 1001 ] , 1, (1001) 
3, 1016, 1044, m1016 m1007 (m1105) m1005 f1044 , 1016[ 1105 ] 1007[ 1105 ] (1105[ 1105 ]) 1005[ 1105 ] 1044[ 1105 ] , 1, (1105) 
4, 1016, 1056, m1016 m1007 (m1105) m1005 m1043 f1056 , 1016[ 1105 ] 1007[ 1105 ] (1105[ 1105 ]) 1005[ 1105 ] 1043[ 1105 ] 1056[ 1105 ] , 1, (1105) 
5, 1017, 1022, m1017 (m1007) f1022 , 1017[ 1105 ] (1007[ 1105 ]) 1022[ 1105 ] , 1, (1105) 
6, 1019, 1070, m1019 (m1007) m1016 f1070 , 1019[ 1105 ] (1007[ 1105 ]) 1016[ 1105 ] 1070[ 1105 ] , 1, (1105) 
7, 1019, 1070, m1019 f1006 (m1105) m1005 f1044 f1070 , 1019[ 1105 ] 1006[ 1105 ] (1105[ 1105 ]) 1005[ 1105 ] 1044[ 1105 ] 1070[ 1105 ] , 1, (1105) 
8, 1019, 1070, m1019 f1006 (m1105) m1007 m1016 f1070 , 1019[ 1105 ] 1006[ 1105 ] (1105[ 1105 ]) 1007[ 1105 ] 1016[ 1105 ] 1070[ 1105 ] , 1, (1105) 
9, 1019, 1070, m1019 m1007 (m1105) m1005 f1044 f1070 , 1019[ 1105 ] 1007[ 1105 ] (1105[ 1105 ]) 1005[ 1105 ] 1044[ 1105 ] 1070[ 1105 ] , 1, (1105) 
10, 1019, 1080, m1019 (m1007) m1016 f1080 , 1019[ 1105 ] (1007[ 1105 ]) 1016[ 1105 ] 1080[ 1105 ] , 1, (1105) 
11, 1019, 1080, m1019 f1006 (m1105) m1007 m1016 f1080 , 1019[ 1105 ] 1006[ 1105 ] (1105[ 1105 ]) 1007[ 1105 ] 1016[ 1105 ] 1080[ 1105 ] , 1, (1105) 
12, 1020, 1057, m1020 f1006 (m1105) m1005 m1043 f1057 , 1020[ 1105 ] 1006[ 1105 ] (1105[ 1105 ]) 1005[ 1105 ] 1043[ 1105 ] 1057[ 1105 ] , 1, (1105) 
13, 1020, 1057, m1020 m1007 (m1105) m1005 m1043 f1057 , 1020[ 1105 ] 1007[ 1105 ] (1105[ 1105 ]) 1005[ 1105 ] 1043[ 1105 ] 1057[ 1105 ] , 1, (1105) 
14, 1021, 1071, m1021 (m1007) m1016 f1071 , 1021[ 1105 ] (1007[ 1105 ]) 1016[ 1105 ] 1071[ 1105 ] , 1, (1105) 
15, 1021, 1071, m1021 m1007 (m1105) m1005 f1044 f1071 , 1021[ 1105 ] 1007[ 1105 ] (1105[ 1105 ]) 1005[ 1105 ] 1044[ 1105 ] 1071[ 1105 ] , 1, (1105) 
16, 1021, 1092, m1021 (m1007) m1016 f1070 f1092 , 1021[ 1105 ] (1007[ 1105 ]) 1016[ 1105 ] 1070[ 1105 ] 1092[ 1105 ] , 1, (1105) 
17, 1021, 1092, m1021 (m1007) m1019 f1092 , 1021[ 1105 ] (1007[ 1105 ]) 1019[ 1105 ] 1092[ 1105 ] , 1, (1105) 
18, 1021, 1092, m1021 m1007 (m1105) m1005 f1044 f1070 f1092 , 1021[ 1105 ] 1007[ 1105 ] (1105[ 1105 ]) 1005[ 1105 ] 1044[ 1105 ] 1070[ 1105 ] 1092[ 1105 ] , 1, (1105) 
19, 1021, 1092, m1021 m1007 (m1105) f1006 m1019 f1092 , 1021[ 1105 ] 1007[ 1105 ] (1105[ 1105 ]) 1006[ 1105 ] 1019[ 1105 ] 1092[ 1105 ] , 1, (1105) 
20, 1038, 1026, m1038 m1005 (m1105) m1007 m1017 f1026 , 1038[ 1105 ] 1005[ 1105 ] (1105[ 1105 ]) 1007[ 1105 ] 1017[ 1105 ] 1026[ 1105 ] , 1, (1105) 
21, 1038, 1026, m1038 m1005 (m1105) m1007 f1022 f1026 , 1038[ 1105 ] 1005[ 1105 ] (1105[ 1105 ]) 1007[ 1105 ] 1022[ 1105 ] 1026[ 1105 ] , 1, (1105) 
22, 1038, 1027, m1038 m1005 (m1105) m1007 m1017 f1027 , 1038[ 1105 ] 1005[ 1105 ] (1105[ 1105 ]) 1007[ 1105 ] 1017[ 1105 ] 1027[ 1105 ] , 1, (1105) 
23, 1038, 1027, m1038 m1005 (m1105) m1007 f1022 f1027 , 1038[ 1105 ] 1005[ 1105 ] (1105[ 1105 ]) 1007[ 1105 ] 1022[ 1105 ] 1027[ 1105 ] , 1, (1105) 
24, 1030, 1100, m1030 m1017 (m1007) m1020 f1100 , 1030[ 1105 ] 1017[ 1105 ] (1007[ 1105 ]) 1020[ 1105 ] 1100[ 1105 ] , 1, (1105) 
25, 1030, 1100, m1030 f1022 (m1007) m1020 f1100 , 1030[ 1105 ] 1022[ 1105 ] (1007[ 1105 ]) 1020[ 1105 ] 1100[ 1105 ] , 1, (1105) 
26, 1030, 1100, m1030 m1017 m1007 (m1105) m1005 m1043 f1057 f1100 , 1030[ 1105 ] 1017[ 1105 ] 1007[ 1105 ] (1105[ 1105 ]) 1005[ 1105 ] 1043[ 1105 ] 1057[ 1105 ] 1100[ 1105 ] , 1, (1105) 
27, 1030, 1100, m1030 m1017 m1007 (m1105) f1006 m1020 f1100 , 1030[ 1105 ] 1017[ 1105 ] 1007[ 1105 ] (1105[ 1105 ]) 1006[ 1105 ] 1020[ 1105 ] 1100[ 1105 ] , 1, (1105) 
28, 1030, 1100, m1030 f1022 m1007 (m1105) m1005 m1043 f1057 f1100 , 1030[ 1105 ] 1022[ 1105 ] 1007[ 1105 ] (1105[ 1105 ]) 1005[ 1105 ] 1043[ 1105 ] 1057[ 1105 ] 1100[ 1105 ] , 1, (1105) 
29, 1030, 1100, m1030 f1022 m1007 (m1105) f1006 m1020 f1100 , 1030[ 1105 ] 1022[ 1105 ] 1007[ 1105 ] (1105[ 1105 ]) 1006[ 1105 ] 1020[ 1105 ] 1100[ 1105 ] , 1, (1105) 
30, 1032, 1034, m1032 m1008 (m1001) f1011 f1034 , 1032[ 1001 ] 1008[ 1001 ] (1001[ 1001 ]) 1011[ 1001 ] 1034[ 1001 ] , 1, (1001) 
31, 1032, 1034, m1032 f1011 (m1001) m1008 f1034 , 1032[ 1001 ] 1011[ 1001 ] (1001[ 1001 ]) 1008[ 1001 ] 1034[ 1001 ] , 1, (1001) 
32, 1032, 1034, m1032 (m1008) f1034 , 1032[ 1001 ] (1008[ 1001 ]) 1034[ 1001 ] , 1, (1001) 
33, 1032, 1034, m1032 (f1011) f1034 , 1032[ 1001 ] (1011[ 1001 ]) 1034[ 1001 ] , 1, (1001) 
34, 1039, 1096, m1039 (m1005) m1043 f1096 , 1039[ 1105 ] (1005[ 1105 ]) 1043[ 1105 ] 1096[ 1105 ] , 1, (1105) 
35, 1039, 1096, m1039 m1005 (m1105) m1007 m1016 f1079 f1096 , 1039[ 1105 ] 1005[ 1105 ] (1105[ 1105 ]) 1007[ 1105 ] 1016[ 1105 ] 1079[ 1105 ] 1096[ 1105 ] , 1, (1105) 
36, 1042, 1051, m1042 (m1013) f1051 , 1042[ 1003 ] (1013[ 1003 ]) 1051[ 1003 ] , 1, (1003) 
37, 1043, 1079, m1043 m1005 (m1105) m1007 m1016 f1079 , 1043[ 1105 ] 1005[ 1105 ] (1105[ 1105 ]) 1007[ 1105 ] 1016[ 1105 ] 1079[ 1105 ] , 1, (1105) 
38, 1046, 1058, m1046 (m1005) m1043 f1058 , 1046[ 1105 ] (1005[ 1105 ]) 1043[ 1105 ] 1058[ 1105 ] , 1, (1105) 
39, 1075, 1047, m1075 m1008 (m1001) f1011 m1032 f1047 , 1075[ 1001 ] 1008[ 1001 ] (1001[ 1001 ]) 1011[ 1001 ] 1032[ 1001 ] 1047[ 1001 ] , 1, (1001) 
40, 1075, 1047, m1075 m1008 (m1001) f1011 f1034 f1047 , 1075[ 1001 ] 1008[ 1001 ] (1001[ 1001 ]) 1011[ 1001 ] 1034[ 1001 ] 1047[ 1001 ] , 1, (1001) 
41, 1075, 1047, m1075 (m1008) m1032 f1047 , 1075[ 1001 ] (1008[ 1001 ]) 1032[ 1001 ] 1047[ 1001 ] , 1, (1001) 
42, 1075, 1047, m1075 (m1008) f1034 f1047 , 1075[ 1001 ] (1008[ 1001 ]) 1034[ 1001 ] 1047[ 1001 ] , 1, (1001) 
43, 1053, 1279, m1053 (m1013) m1063 f1279 , 1053[ 1003 ] (1013[ 1003 ]) 1063[ 1003 ] 1279[ 1003 ] , 1, (1003) 
44, 1054, 1239, m1054 m1038 (m1005) m1039 f1239 , 1054[ 1105 ] 1038[ 1105 ] (1005[ 1105 ]) 1039[ 1105 ] 1239[ 1105 ] , 1, (1105) 
45, 1054, 1239, m1054 m1038 (m1005) m1043 f1096 f1239 , 1054[ 1105 ] 1038[ 1105 ] (1005[ 1105 ]) 1043[ 1105 ] 1096[ 1105 ] 1239[ 1105 ] , 1, (1105) 
46, 1054, 1239, m1054 f1027 m1017 (m1007) m1016 f1079 f1096 f1239 , 1054[ 1105 ] 1027[ 1105 ] 1017[ 1105 ] (1007[ 1105 ]) 1016[ 1105 ] 1079[ 1105 ] 1096[ 1105 ] 1239[ 1105 ] , 1, (1105) 
47, 1054, 1239, m1054 f1027 f1022 (m1007) m1016 f1079 f1096 f1239 , 1054[ 1105 ] 1027[ 1105 ] 1022[ 1105 ] (1007[ 1105 ]) 1016[ 1105 ] 1079[ 1105 ] 1096[ 1105 ] 1239[ 1105 ] , 1, (1105) 
48, 1054, 1239, m1054 m1038 m1005 (m1105) m1007 m1016 f1079 f1096 f1239 , 1054[ 1105 ] 1038[ 1105 ] 1005[ 1105 ] (1105[ 1105 ]) 1007[ 1105 ] 1016[ 1105 ] 1079[ 1105 ] 1096[ 1105 ] 1239[ 1105 ] , 1, (1105) 
49, 1054, 1239, m1054 f1027 m1017 m1007 (m1105) m1005 m1039 f1239 , 1054[ 1105 ] 1027[ 1105 ] 1017[ 1105 ] 1007[ 1105 ] (1105[ 1105 ]) 1005[ 1105 ] 1039[ 1105 ] 1239[ 1105 ] , 1, (1105) 
50, 1054, 1239, m1054 f1027 m1017 m1007 (m1105) m1005 m1043 f1096 f1239 , 1054[ 1105 ] 1027[ 1105 ] 1017[ 1105 ] 1007[ 1105 ] (1105[ 1105 ]) 1005[ 1105 ] 1043[ 1105 ] 1096[ 1105 ] 1239[ 1105 ] , 1, (1105) 
51, 1054, 1239, m1054 f1027 f1022 m1007 (m1105) m1005 m1039 f1239 , 1054[ 1105 ] 1027[ 1105 ] 1022[ 1105 ] 1007[ 1105 ] (1105[ 1105 ]) 1005[ 1105 ] 1039[ 1105 ] 1239[ 1105 ] , 1, (1105) 
52, 1054, 1239, m1054 f1027 f1022 m1007 (m1105) m1005 m1043 f1096 f1239 , 1054[ 1105 ] 1027[ 1105 ] 1022[ 1105 ] 1007[ 1105 ] (1105[ 1105 ]) 1005[ 1105 ] 1043[ 1105 ] 1096[ 1105 ] 1239[ 1105 ] , 1, (1105) 
53, 1093, 1056, m1093 f1070 f1044 (m1005) m1043 f1056 , 1093[ 1105 ] 1070[ 1105 ] 1044[ 1105 ] (1005[ 1105 ]) 1043[ 1105 ] 1056[ 1105 ] , 1, (1105) 
54, 1093, 1056, m1093 m1019 f1006 (m1105) m1005 m1043 f1056 , 1093[ 1105 ] 1019[ 1105 ] 1006[ 1105 ] (1105[ 1105 ]) 1005[ 1105 ] 1043[ 1105 ] 1056[ 1105 ] , 1, (1105) 
55, 1093, 1056, m1093 f1070 m1016 m1007 (m1105) m1005 m1043 f1056 , 1093[ 1105 ] 1070[ 1105 ] 1016[ 1105 ] 1007[ 1105 ] (1105[ 1105 ]) 1005[ 1105 ] 1043[ 1105 ] 1056[ 1105 ] , 1, (1105) 
56, 1093, 1056, m1093 m1019 m1007 (m1105) m1005 m1043 f1056 , 1093[ 1105 ] 1019[ 1105 ] 1007[ 1105 ] (1105[ 1105 ]) 1005[ 1105 ] 1043[ 1105 ] 1056[ 1105 ] , 1, (1105) 
57, 1081, 1059, m1081 m1038 (m1005) m1043 f1059 , 1081[ 1105 ] 1038[ 1105 ] (1005[ 1105 ]) 1043[ 1105 ] 1059[ 1105 ] , 1, (1105) 
58, 1087, 1271, m1087 m1039 (m1005) f1044 f1071 f1271 , 1087[ 1105 ] 1039[ 1105 ] (1005[ 1105 ]) 1044[ 1105 ] 1071[ 1105 ] 1271[ 1105 ] , 1, (1105) 
59, 1087, 1271, m1087 m1039 m1005 (m1105) m1007 m1016 f1071 f1271 , 1087[ 1105 ] 1039[ 1105 ] 1005[ 1105 ] (1105[ 1105 ]) 1007[ 1105 ] 1016[ 1105 ] 1071[ 1105 ] 1271[ 1105 ] , 1, (1105) 
60, 1087, 1271, m1087 m1039 m1005 (m1105) m1007 m1021 f1271 , 1087[ 1105 ] 1039[ 1105 ] 1005[ 1105 ] (1105[ 1105 ]) 1007[ 1105 ] 1021[ 1105 ] 1271[ 1105 ] , 1, (1105) 
61, 1089, 1258, m1089 m1039 (m1005) m1043 f1058 f1258 , 1089[ 1105 ] 1039[ 1105 ] (1005[ 1105 ]) 1043[ 1105 ] 1058[ 1105 ] 1258[ 1105 ] , 1, (1105) 
62, 1089, 1258, m1089 m1039 (m1005) m1046 f1258 , 1089[ 1105 ] 1039[ 1105 ] (1005[ 1105 ]) 1046[ 1105 ] 1258[ 1105 ] , 1, (1105) 
63, 1097, 1226, m1097 m1043 (m1005) m1038 f1226 , 1097[ 1105 ] 1043[ 1105 ] (1005[ 1105 ]) 1038[ 1105 ] 1226[ 1105 ] , 1, (1105) 
64, 1097, 1226, m1097 f1079 m1016 (m1007) m1017 f1026 f1226 , 1097[ 1105 ] 1079[ 1105 ] 1016[ 1105 ] (1007[ 1105 ]) 1017[ 1105 ] 1026[ 1105 ] 1226[ 1105 ] , 1, (1105) 
65, 1097, 1226, m1097 f1079 m1016 (m1007) f1022 f1026 f1226 , 1097[ 1105 ] 1079[ 1105 ] 1016[ 1105 ] (1007[ 1105 ]) 1022[ 1105 ] 1026[ 1105 ] 1226[ 1105 ] , 1, (1105) 
66, 1097, 1226, m1097 m1043 m1005 (m1105) m1007 m1017 f1026 f1226 , 1097[ 1105 ] 1043[ 1105 ] 1005[ 1105 ] (1105[ 1105 ]) 1007[ 1105 ] 1017[ 1105 ] 1026[ 1105 ] 1226[ 1105 ] , 1, (1105) 
67, 1097, 1226, m1097 m1043 m1005 (m1105) m1007 f1022 f1026 f1226 , 1097[ 1105 ] 1043[ 1105 ] 1005[ 1105 ] (1105[ 1105 ]) 1007[ 1105 ] 1022[ 1105 ] 1026[ 1105 ] 1226[ 1105 ] , 1, (1105) 
68, 1097, 1226, m1097 f1079 m1016 m1007 (m1105) m1005 m1038 f1226 , 1097[ 1105 ] 1079[ 1105 ] 1016[ 1105 ] 1007[ 1105 ] (1105[ 1105 ]) 1005[ 1105 ] 1038[ 1105 ] 1226[ 1105 ] , 1, (1105) 
69, 1104, 1228, m1104 m1063 (m1013) m1062 f1228 , 1104[ 1003 ] 1063[ 1003 ] (1013[ 1003 ]) 1062[ 1003 ] 1228[ 1003 ] , 1, (1003) 
70, 1106, 1111, 1111, 1106, (m1106) f1111 , (1106[ 1106 ]) 1111[ 1106 ] , 1, (1106) 
71, 1108, 1111, m1108 (m1106) f1111 , 1108[ 1106 ] (1106[ 1106 ]) 1111[ 1106 ] , 1, (1106) 
72, 1108, 1114, m1108 (m1106) f1111 f1114 , 1108[ 1106 ] (1106[ 1106 ]) 1111[ 1106 ] 1114[ 1106 ] , 1, (1106) 
73, 1108, 1114, m1108 (m1106) f1114 , 1108[ 1106 ] (1106[ 1106 ]) 1114[ 1106 ] , 1, (1106) 
74, 1109, 1113, m1109 (m1106) m1110 f1113 , 1109[ 1106 ] (1106[ 1106 ]) 1110[ 1106 ] 1113[ 1106 ] , 1, (1106) 
75, 1110, 1111, m1110 (m1106) f1111 , 1110[ 1106 ] (1106[ 1106 ]) 1111[ 1106 ] , 1, (1106) 
76, 1110, 1117, 1117, 1110, (m1110) f1117 , (1110[ 1106 ]) 1117[ 1106 ] , 1, (1106) 
77, 1110, 1119, m1110 (m1106) m1112 f1119 , 1110[ 1106 ] (1106[ 1106 ]) 1112[ 1106 ] 1119[ 1106 ] , 1, (1106) 
78, 1110, 1119, (m1110) f1113 f1119 , (1110[ 1106 ]) 1113[ 1106 ] 1119[ 1106 ] , 1, (1106) 
79, 1112, 1113, m1112 (m1106) m1110 f1113 , 1112[ 1106 ] (1106[ 1106 ]) 1110[ 1106 ] 1113[ 1106 ] , 1, (1106) 
80, 1112, 1116, m1112 (m1106) m1110 f1116 , 1112[ 1106 ] (1106[ 1106 ]) 1110[ 1106 ] 1116[ 1106 ] , 1, (1106) 
81, 1120, 1119, m1120 m1108 (m1106) m1110 f1113 f1119 , 1120[ 1106 ] 1108[ 1106 ] (1106[ 1106 ]) 1110[ 1106 ] 1113[ 1106 ] 1119[ 1106 ] , 1, (1106) 
82, 1120, 1119, m1120 f1111 (m1106) m1110 f1113 f1119 , 1120[ 1106 ] 1111[ 1106 ] (1106[ 1106 ]) 1110[ 1106 ] 1113[ 1106 ] 1119[ 1106 ] , 1, (1106) 
83, 1120, 1119, m1120 m1108 (m1106) m1112 f1119 , 1120[ 1106 ] 1108[ 1106 ] (1106[ 1106 ]) 1112[ 1106 ] 1119[ 1106 ] , 1, (1106) 
84, 1120, 1119, m1120 f1111 (m1106) m1112 f1119 , 1120[ 1106 ] 1111[ 1106 ] (1106[ 1106 ]) 1112[ 1106 ] 1119[ 1106 ] , 1, (1106) 
85, 1134, 1135, m1134 f1116 m1110 (m1106) m1108 f1135 , 1134[ 1106 ] 1116[ 1106 ] 1110[ 1106 ] (1106[ 1106 ]) 1108[ 1106 ] 1135[ 1106 ] , 1, (1106) 
86, 1134, 1135, m1134 f1116 m1110 (m1106) f1111 f1114 f1135 , 1134[ 1106 ] 1116[ 1106 ] 1110[ 1106 ] (1106[ 1106 ]) 1111[ 1106 ] 1114[ 1106 ] 1135[ 1106 ] , 1, (1106) 
87, 1134, 1135, m1134 f1116 m1110 (m1106) f1114 f1135 , 1134[ 1106 ] 1116[ 1106 ] 1110[ 1106 ] (1106[ 1106 ]) 1114[ 1106 ] 1135[ 1106 ] , 1, (1106) 
88, 1134, 1135, m1134 m1112 (m1106) m1108 f1135 , 1134[ 1106 ] 1112[ 1106 ] (1106[ 1106 ]) 1108[ 1106 ] 1135[ 1106 ] , 1, (1106) 
89, 1134, 1135, m1134 m1112 (m1106) f1111 f1114 f1135 , 1134[ 1106 ] 1112[ 1106 ] (1106[ 1106 ]) 1111[ 1106 ] 1114[ 1106 ] 1135[ 1106 ] , 1, (1106) 
90, 1134, 1135, m1134 m1112 (m1106) f1114 f1135 , 1134[ 1106 ] 1112[ 1106 ] (1106[ 1106 ]) 1114[ 1106 ] 1135[ 1106 ] , 1, (1106) 
91, 1142, 1146, m1142 f1119 f1113 m1110 (m1106) m1109 m1123 f1146 , 1142[ 1106 ] 1119[ 1106 ] 1113[ 1106 ] 1110[ 1106 ] (1106[ 1106 ]) 1109[ 1106 ] 1123[ 1106 ] 1146[ 1106 ] , 1, (1106) 
92, 1142, 1146, m1142 m1110 (m1106) m1109 m1123 f1146 , 1142[ 1106 ] 1110[ 1106 ] (1106[ 1106 ]) 1109[ 1106 ] 1123[ 1106 ] 1146[ 1106 ] , 1, (1106) 
93, 1142, 1146, m1142 f1119 m1112 (m1106) m1109 m1123 f1146 , 1142[ 1106 ] 1119[ 1106 ] 1112[ 1106 ] (1106[ 1106 ]) 1109[ 1106 ] 1123[ 1106 ] 1146[ 1106 ] , 1, (1106) 
94, 1142, 1146, m1142 f1119 m1112 (m1106) m1110 f1113 m1123 f1146 , 1142[ 1106 ] 1119[ 1106 ] 1112[ 1106 ] (1106[ 1106 ]) 1110[ 1106 ] 1113[ 1106 ] 1123[ 1106 ] 1146[ 1106 ] , 1, (1106) 
95, 1142, 1146, m1142 (m1110) f1113 m1123 f1146 , 1142[ 1106 ] (1110[ 1106 ]) 1113[ 1106 ] 1123[ 1106 ] 1146[ 1106 ] , 1, (1106) 
96, 1142, 1146, m1142 f1119 (f1113) m1123 f1146 , 1142[ 1106 ] 1119[ 1106 ] (1113[ 1106 ]) 1123[ 1106 ] 1146[ 1106 ] , 1, (1106) 
97, 1142, 1153, m1142 f1119 f1113 m1110 (m1106) m1108 f1153 , 1142[ 1106 ] 1119[ 1106 ] 1113[ 1106 ] 1110[ 1106 ] (1106[ 1106 ]) 1108[ 1106 ] 1153[ 1106 ] , 1, (1106) 
98, 1142, 1153, m1142 f1119 f1113 m1110 (m1106) f1111 f1114 f1153 , 1142[ 1106 ] 1119[ 1106 ] 1113[ 1106 ] 1110[ 1106 ] (1106[ 1106 ]) 1111[ 1106 ] 1114[ 1106 ] 1153[ 1106 ] , 1, (1106) 
99, 1142, 1153, m1142 f1119 f1113 m1110 (m1106) f1114 f1153 , 1142[ 1106 ] 1119[ 1106 ] 1113[ 1106 ] 1110[ 1106 ] (1106[ 1106 ]) 1114[ 1106 ] 1153[ 1106 ] , 1, (1106) 
100, 1142, 1153, m1142 m1110 (m1106) m1108 f1153 , 1142[ 1106 ] 1110[ 1106 ] (1106[ 1106 ]) 1108[ 1106 ] 1153[ 1106 ] , 1, (1106) 
101, 1142, 1153, m1142 m1110 (m1106) f1111 f1114 f1153 , 1142[ 1106 ] 1110[ 1106 ] (1106[ 1106 ]) 1111[ 1106 ] 1114[ 1106 ] 1153[ 1106 ] , 1, (1106) 
102, 1142, 1153, m1142 m1110 (m1106) f1114 f1153 , 1142[ 1106 ] 1110[ 1106 ] (1106[ 1106 ]) 1114[ 1106 ] 1153[ 1106 ] , 1, (1106) 
103, 1142, 1153, m1142 f1119 m1112 (m1106) m1108 f1153 , 1142[ 1106 ] 1119[ 1106 ] 1112[ 1106 ] (1106[ 1106 ]) 1108[ 1106 ] 1153[ 1106 ] , 1, (1106) 
104, 1142, 1153, m1142 f1119 m1112 (m1106) f1111 f1114 f1153 , 1142[ 1106 ] 1119[ 1106 ] 1112[ 1106 ] (1106[ 1106 ]) 1111[ 1106 ] 1114[ 1106 ] 1153[ 1106 ] , 1, (1106) 
105, 1142, 1153, m1142 f1119 m1112 (m1106) f1114 f1153 , 1142[ 1106 ] 1119[ 1106 ] 1112[ 1106 ] (1106[ 1106 ]) 1114[ 1106 ] 1153[ 1106 ] , 1, (1106) 
