Anel, Ego, Alter, BarryPercurso, PercursoColorido, , Numero de Cores, Cores
1, 1007, 1006, m1007 (m1105) f1006 , 1007[ -1 ] (1105[ -1 ]) 1006[ -1 ] , 1, (-1) 
2, 1008, 1011, m1008 (f1002) f1011 , 1008[ 1002 ] (1002[ 1002 ]) 1011[ 1002 ] , 1, (1002) 
3, 1013, 1018, m1013 (f1004) f1018 , 1013[ 1004 ] (1004[ 1004 ]) 1018[ 1004 ] , 1, (1004) 
4, 1013, 1040, m1013 (f1004) f1014 f1040 , 1013[ 1004 ] (1004[ 1004 ]) 1014[ 1004 ] 1040[ 1004 ] , 1, (1004) 
5, 1016, 1044, m1016 (f1004) f1015 f1044 , 1016[ 1004 ] (1004[ 1004 ]) 1015[ 1004 ] 1044[ 1004 ] , 1, (1004) 
6, 1030, 1100, m1030 f1022 f1009 (f1002) m1008 f1031 f1057 f1100 , 1030[ 1002 ] 1022[ 1002 ] 1009[ 1002 ] (1002[ 1002 ]) 1008[ 1002 ] 1031[ 1002 ] 1057[ 1002 ] 1100[ 1002 ] , 1, (1002) 
7, 1030, 1100, m1030 f1022 f1009 (f1002) f1011 f1031 f1057 f1100 , 1030[ 1002 ] 1022[ 1002 ] 1009[ 1002 ] (1002[ 1002 ]) 1011[ 1002 ] 1031[ 1002 ] 1057[ 1002 ] 1100[ 1002 ] , 1, (1002) 
8, 1032, 1034, m1032 m1008 (f1002) f1011 f1034 , 1032[ 1002 ] 1008[ 1002 ] (1002[ 1002 ]) 1011[ 1002 ] 1034[ 1002 ] , 1, (1002) 
9, 1032, 1034, m1032 f1011 (f1002) m1008 f1034 , 1032[ 1002 ] 1011[ 1002 ] (1002[ 1002 ]) 1008[ 1002 ] 1034[ 1002 ] , 1, (1002) 
10, 1032, 1034, m1032 (m1008) f1034 , 1032[ 1002 ] (1008[ 1002 ]) 1034[ 1002 ] , 1, (1002) 
11, 1032, 1034, m1032 (f1011) f1034 , 1032[ 1002 ] (1011[ 1002 ]) 1034[ 1002 ] , 1, (1002) 
12, 1038, 1060, m1038 f1014 (f1004) m1013 f1060 , 1038[ 1004 ] 1014[ 1004 ] (1004[ 1004 ]) 1013[ 1004 ] 1060[ 1004 ] , 1, (1004) 
13, 1038, 1060, m1038 f1014 (f1004) f1018 f1060 , 1038[ 1004 ] 1014[ 1004 ] (1004[ 1004 ]) 1018[ 1004 ] 1060[ 1004 ] , 1, (1004) 
14, 1039, 1061, m1039 f1014 (f1004) m1013 f1061 , 1039[ 1004 ] 1014[ 1004 ] (1004[ 1004 ]) 1013[ 1004 ] 1061[ 1004 ] , 1, (1004) 
15, 1039, 1061, m1039 f1014 (f1004) f1018 f1061 , 1039[ 1004 ] 1014[ 1004 ] (1004[ 1004 ]) 1018[ 1004 ] 1061[ 1004 ] , 1, (1004) 
16, 1046, 1065, m1046 f1015 (f1004) m1013 f1065 , 1046[ 1004 ] 1015[ 1004 ] (1004[ 1004 ]) 1013[ 1004 ] 1065[ 1004 ] , 1, (1004) 
17, 1046, 1065, m1046 f1015 (f1004) f1018 f1065 , 1046[ 1004 ] 1015[ 1004 ] (1004[ 1004 ]) 1018[ 1004 ] 1065[ 1004 ] , 1, (1004) 
18, 1048, 1205, m1048 m1032 m1008 (f1002) f1011 f1033 f1205 , 1048[ 1002 ] 1032[ 1002 ] 1008[ 1002 ] (1002[ 1002 ]) 1011[ 1002 ] 1033[ 1002 ] 1205[ 1002 ] , 1, (1002) 
19, 1048, 1205, m1048 f1034 m1008 (f1002) f1011 f1033 f1205 , 1048[ 1002 ] 1034[ 1002 ] 1008[ 1002 ] (1002[ 1002 ]) 1011[ 1002 ] 1033[ 1002 ] 1205[ 1002 ] , 1, (1002) 
20, 1048, 1205, m1048 m1032 f1011 (f1002) m1008 f1033 f1205 , 1048[ 1002 ] 1032[ 1002 ] 1011[ 1002 ] (1002[ 1002 ]) 1008[ 1002 ] 1033[ 1002 ] 1205[ 1002 ] , 1, (1002) 
21, 1048, 1205, m1048 f1034 f1011 (f1002) m1008 f1033 f1205 , 1048[ 1002 ] 1034[ 1002 ] 1011[ 1002 ] (1002[ 1002 ]) 1008[ 1002 ] 1033[ 1002 ] 1205[ 1002 ] , 1, (1002) 
22, 1048, 1205, m1048 m1032 (m1008) f1033 f1205 , 1048[ 1002 ] 1032[ 1002 ] (1008[ 1002 ]) 1033[ 1002 ] 1205[ 1002 ] , 1, (1002) 
23, 1048, 1205, m1048 f1034 (m1008) f1033 f1205 , 1048[ 1002 ] 1034[ 1002 ] (1008[ 1002 ]) 1033[ 1002 ] 1205[ 1002 ] , 1, (1002) 
24, 1048, 1205, m1048 m1032 (f1011) f1033 f1205 , 1048[ 1002 ] 1032[ 1002 ] (1011[ 1002 ]) 1033[ 1002 ] 1205[ 1002 ] , 1, (1002) 
25, 1048, 1205, m1048 f1034 (f1011) f1033 f1205 , 1048[ 1002 ] 1034[ 1002 ] (1011[ 1002 ]) 1033[ 1002 ] 1205[ 1002 ] , 1, (1002) 
26, 1088, 1050, m1088 m1039 f1014 (f1004) m1013 f1050 , 1088[ 1004 ] 1039[ 1004 ] 1014[ 1004 ] (1004[ 1004 ]) 1013[ 1004 ] 1050[ 1004 ] , 1, (1004) 
27, 1088, 1050, m1088 f1061 f1018 (f1004) m1013 f1050 , 1088[ 1004 ] 1061[ 1004 ] 1018[ 1004 ] (1004[ 1004 ]) 1013[ 1004 ] 1050[ 1004 ] , 1, (1004) 
28, 1088, 1050, m1088 f1061 m1013 (f1004) f1014 f1040 f1050 , 1088[ 1004 ] 1061[ 1004 ] 1013[ 1004 ] (1004[ 1004 ]) 1014[ 1004 ] 1040[ 1004 ] 1050[ 1004 ] , 1, (1004) 
29, 1088, 1050, m1088 f1061 f1018 (f1004) f1014 f1040 f1050 , 1088[ 1004 ] 1061[ 1004 ] 1018[ 1004 ] (1004[ 1004 ]) 1014[ 1004 ] 1040[ 1004 ] 1050[ 1004 ] , 1, (1004) 
30, 1088, 1050, m1088 f1061 (m1013) f1050 , 1088[ 1004 ] 1061[ 1004 ] (1013[ 1004 ]) 1050[ 1004 ] , 1, (1004) 
31, 1088, 1050, m1088 m1039 (f1014) f1040 f1050 , 1088[ 1004 ] 1039[ 1004 ] (1014[ 1004 ]) 1040[ 1004 ] 1050[ 1004 ] , 1, (1004) 
32, 1054, 1239, m1054 f1027 f1022 (f1009) f1079 f1096 f1239 , 1054[ 1002 ] 1027[ 1002 ] 1022[ 1002 ] (1009[ 1002 ]) 1079[ 1002 ] 1096[ 1002 ] 1239[ 1002 ] , 1, (1002) 
33, 1064, 1094, m1064 m1013 (f1004) f1015 f1044 f1070 f1094 , 1064[ 1004 ] 1013[ 1004 ] (1004[ 1004 ]) 1015[ 1004 ] 1044[ 1004 ] 1070[ 1004 ] 1094[ 1004 ] , 1, (1004) 
34, 1064, 1094, m1064 m1013 (f1004) m1016 f1070 f1094 , 1064[ 1004 ] 1013[ 1004 ] (1004[ 1004 ]) 1016[ 1004 ] 1070[ 1004 ] 1094[ 1004 ] , 1, (1004) 
35, 1064, 1094, m1064 f1018 (f1004) f1015 f1044 f1070 f1094 , 1064[ 1004 ] 1018[ 1004 ] (1004[ 1004 ]) 1015[ 1004 ] 1044[ 1004 ] 1070[ 1004 ] 1094[ 1004 ] , 1, (1004) 
36, 1064, 1094, m1064 f1018 (f1004) m1016 f1070 f1094 , 1064[ 1004 ] 1018[ 1004 ] (1004[ 1004 ]) 1016[ 1004 ] 1070[ 1004 ] 1094[ 1004 ] , 1, (1004) 
37, 1066, 1078, m1066 m1013 (f1004) f1015 f1045 f1078 , 1066[ 1004 ] 1013[ 1004 ] (1004[ 1004 ]) 1015[ 1004 ] 1045[ 1004 ] 1078[ 1004 ] , 1, (1004) 
38, 1066, 1078, m1066 f1018 (f1004) f1015 f1045 f1078 , 1066[ 1004 ] 1018[ 1004 ] (1004[ 1004 ]) 1015[ 1004 ] 1045[ 1004 ] 1078[ 1004 ] , 1, (1004) 
39, 1076, 1067, m1076 f1045 f1015 (f1004) f1014 f1041 f1067 , 1076[ 1004 ] 1045[ 1004 ] 1015[ 1004 ] (1004[ 1004 ]) 1014[ 1004 ] 1041[ 1004 ] 1067[ 1004 ] , 1, (1004) 
40, 1068, 1380, m1068 f1041 f1014 (f1004) f1015 f1044 f1071 f1380 , 1068[ 1004 ] 1041[ 1004 ] 1014[ 1004 ] (1004[ 1004 ]) 1015[ 1004 ] 1044[ 1004 ] 1071[ 1004 ] 1380[ 1004 ] , 1, (1004) 
41, 1068, 1380, m1068 f1041 f1014 (f1004) m1016 f1071 f1380 , 1068[ 1004 ] 1041[ 1004 ] 1014[ 1004 ] (1004[ 1004 ]) 1016[ 1004 ] 1071[ 1004 ] 1380[ 1004 ] , 1, (1004) 
42, 1075, 1376, m1075 f1045 f1015 (f1004) f1014 f1041 f1376 , 1075[ 1004 ] 1045[ 1004 ] 1015[ 1004 ] (1004[ 1004 ]) 1014[ 1004 ] 1041[ 1004 ] 1376[ 1004 ] , 1, (1004) 
43, 1087, 1271, m1087 f1061 m1013 (f1004) f1015 f1044 f1071 f1271 , 1087[ 1004 ] 1061[ 1004 ] 1013[ 1004 ] (1004[ 1004 ]) 1015[ 1004 ] 1044[ 1004 ] 1071[ 1004 ] 1271[ 1004 ] , 1, (1004) 
44, 1087, 1271, m1087 f1061 m1013 (f1004) m1016 f1071 f1271 , 1087[ 1004 ] 1061[ 1004 ] 1013[ 1004 ] (1004[ 1004 ]) 1016[ 1004 ] 1071[ 1004 ] 1271[ 1004 ] , 1, (1004) 
45, 1087, 1271, m1087 m1039 f1014 (f1004) f1015 f1044 f1071 f1271 , 1087[ 1004 ] 1039[ 1004 ] 1014[ 1004 ] (1004[ 1004 ]) 1015[ 1004 ] 1044[ 1004 ] 1071[ 1004 ] 1271[ 1004 ] , 1, (1004) 
46, 1087, 1271, m1087 m1039 f1014 (f1004) m1016 f1071 f1271 , 1087[ 1004 ] 1039[ 1004 ] 1014[ 1004 ] (1004[ 1004 ]) 1016[ 1004 ] 1071[ 1004 ] 1271[ 1004 ] , 1, (1004) 
47, 1087, 1271, m1087 f1061 f1018 (f1004) f1015 f1044 f1071 f1271 , 1087[ 1004 ] 1061[ 1004 ] 1018[ 1004 ] (1004[ 1004 ]) 1015[ 1004 ] 1044[ 1004 ] 1071[ 1004 ] 1271[ 1004 ] , 1, (1004) 
48, 1087, 1271, m1087 f1061 f1018 (f1004) m1016 f1071 f1271 , 1087[ 1004 ] 1061[ 1004 ] 1018[ 1004 ] (1004[ 1004 ]) 1016[ 1004 ] 1071[ 1004 ] 1271[ 1004 ] , 1, (1004) 
49, 1093, 1267, m1093 f1070 f1044 f1015 (f1004) f1014 f1041 f1067 f1267 , 1093[ 1004 ] 1070[ 1004 ] 1044[ 1004 ] 1015[ 1004 ] (1004[ 1004 ]) 1014[ 1004 ] 1041[ 1004 ] 1067[ 1004 ] 1267[ 1004 ] , 1, (1004) 
50, 1093, 1267, m1093 f1070 m1016 (f1004) f1014 f1041 f1067 f1267 , 1093[ 1004 ] 1070[ 1004 ] 1016[ 1004 ] (1004[ 1004 ]) 1014[ 1004 ] 1041[ 1004 ] 1067[ 1004 ] 1267[ 1004 ] , 1, (1004) 
51, 1093, 1267, m1093 f1070 m1016 (f1004) f1015 f1045 m1076 f1267 , 1093[ 1004 ] 1070[ 1004 ] 1016[ 1004 ] (1004[ 1004 ]) 1015[ 1004 ] 1045[ 1004 ] 1076[ 1004 ] 1267[ 1004 ] , 1, (1004) 
52, 1093, 1267, m1093 f1070 f1044 (f1015) f1045 m1076 f1267 , 1093[ 1004 ] 1070[ 1004 ] 1044[ 1004 ] (1015[ 1004 ]) 1045[ 1004 ] 1076[ 1004 ] 1267[ 1004 ] , 1, (1004) 
53, 1097, 1226, m1097 f1079 (f1009) f1022 f1026 f1226 , 1097[ 1002 ] 1079[ 1002 ] (1009[ 1002 ]) 1022[ 1002 ] 1026[ 1002 ] 1226[ 1002 ] , 1, (1002) 
54, 1104, 1228, m1104 f1079 (f1009) f1022 f1028 f1228 , 1104[ 1002 ] 1079[ 1002 ] (1009[ 1002 ]) 1022[ 1002 ] 1028[ 1002 ] 1228[ 1002 ] , 1, (1002) 
55, 1110, 1107, 1107, 1110, m1110 (f1107) , 1110[ 1002 ] (1107[ 1002 ]) , 1, (1002) 
56, 1108, 1111, m1108 (f1107) f1111 , 1108[ 1002 ] (1107[ 1002 ]) 1111[ 1002 ] , 1, (1002) 
57, 1108, 1114, m1108 (f1107) f1111 f1114 , 1108[ 1002 ] (1107[ 1002 ]) 1111[ 1002 ] 1114[ 1002 ] , 1, (1002) 
58, 1109, 1113, m1109 (f1107) m1110 f1113 , 1109[ 1002 ] (1107[ 1002 ]) 1110[ 1002 ] 1113[ 1002 ] , 1, (1002) 
59, 1109, 1113, m1109 (f1107) f1113 , 1109[ 1002 ] (1107[ 1002 ]) 1113[ 1002 ] , 1, (1002) 
60, 1110, 1111, m1110 (f1107) f1111 , 1110[ 1002 ] (1107[ 1002 ]) 1111[ 1002 ] , 1, (1002) 
61, 1110, 1117, m1110 (f1107) f1117 , 1110[ 1002 ] (1107[ 1002 ]) 1117[ 1002 ] , 1, (1002) 
62, 1110, 1117, 1117, 1110, (m1110) f1117 , (1110[ 1002 ]) 1117[ 1002 ] , 1, (1002) 
63, 1110, 1119, m1110 (f1107) m1112 f1119 , 1110[ 1002 ] (1107[ 1002 ]) 1112[ 1002 ] 1119[ 1002 ] , 1, (1002) 
64, 1110, 1119, m1110 (f1107) f1113 f1119 , 1110[ 1002 ] (1107[ 1002 ]) 1113[ 1002 ] 1119[ 1002 ] , 1, (1002) 
65, 1110, 1119, (m1110) f1113 f1119 , (1110[ 1002 ]) 1113[ 1002 ] 1119[ 1002 ] , 1, (1002) 
66, 1112, 1113, m1112 (f1107) m1110 f1113 , 1112[ 1002 ] (1107[ 1002 ]) 1110[ 1002 ] 1113[ 1002 ] , 1, (1002) 
67, 1112, 1113, m1112 (f1107) f1113 , 1112[ 1002 ] (1107[ 1002 ]) 1113[ 1002 ] , 1, (1002) 
68, 1112, 1116, m1112 (f1107) m1110 f1116 , 1112[ 1002 ] (1107[ 1002 ]) 1110[ 1002 ] 1116[ 1002 ] , 1, (1002) 
69, 1112, 1116, m1112 (f1107) f1116 , 1112[ 1002 ] (1107[ 1002 ]) 1116[ 1002 ] , 1, (1002) 
70, 1120, 1119, m1120 m1108 (f1107) m1110 f1113 f1119 , 1120[ 1002 ] 1108[ 1002 ] (1107[ 1002 ]) 1110[ 1002 ] 1113[ 1002 ] 1119[ 1002 ] , 1, (1002) 
71, 1120, 1119, m1120 f1111 (f1107) m1110 f1113 f1119 , 1120[ 1002 ] 1111[ 1002 ] (1107[ 1002 ]) 1110[ 1002 ] 1113[ 1002 ] 1119[ 1002 ] , 1, (1002) 
72, 1120, 1119, m1120 m1108 (f1107) m1112 f1119 , 1120[ 1002 ] 1108[ 1002 ] (1107[ 1002 ]) 1112[ 1002 ] 1119[ 1002 ] , 1, (1002) 
73, 1120, 1119, m1120 f1111 (f1107) m1112 f1119 , 1120[ 1002 ] 1111[ 1002 ] (1107[ 1002 ]) 1112[ 1002 ] 1119[ 1002 ] , 1, (1002) 
74, 1120, 1119, m1120 m1108 (f1107) f1113 f1119 , 1120[ 1002 ] 1108[ 1002 ] (1107[ 1002 ]) 1113[ 1002 ] 1119[ 1002 ] , 1, (1002) 
75, 1120, 1119, m1120 f1111 (f1107) f1113 f1119 , 1120[ 1002 ] 1111[ 1002 ] (1107[ 1002 ]) 1113[ 1002 ] 1119[ 1002 ] , 1, (1002) 
76, 1121, 1127, m1121 m1109 (f1107) m1110 f1116 f1127 , 1121[ 1002 ] 1109[ 1002 ] (1107[ 1002 ]) 1110[ 1002 ] 1116[ 1002 ] 1127[ 1002 ] , 1, (1002) 
77, 1121, 1127, m1121 m1109 (f1107) f1116 f1127 , 1121[ 1002 ] 1109[ 1002 ] (1107[ 1002 ]) 1116[ 1002 ] 1127[ 1002 ] , 1, (1002) 
78, 1121, 1127, m1121 f1113 m1110 (f1107) f1116 f1127 , 1121[ 1002 ] 1113[ 1002 ] 1110[ 1002 ] (1107[ 1002 ]) 1116[ 1002 ] 1127[ 1002 ] , 1, (1002) 
79, 1121, 1127, m1121 f1113 (f1107) m1110 f1116 f1127 , 1121[ 1002 ] 1113[ 1002 ] (1107[ 1002 ]) 1110[ 1002 ] 1116[ 1002 ] 1127[ 1002 ] , 1, (1002) 
80, 1121, 1127, m1121 f1113 (f1107) f1116 f1127 , 1121[ 1002 ] 1113[ 1002 ] (1107[ 1002 ]) 1116[ 1002 ] 1127[ 1002 ] , 1, (1002) 
81, 1121, 1127, m1121 f1113 (m1110) f1116 f1127 , 1121[ 1002 ] 1113[ 1002 ] (1110[ 1002 ]) 1116[ 1002 ] 1127[ 1002 ] , 1, (1002) 
82, 1124, 1133, m1124 m1108 (f1107) m1110 f1117 f1133 , 1124[ 1002 ] 1108[ 1002 ] (1107[ 1002 ]) 1110[ 1002 ] 1117[ 1002 ] 1133[ 1002 ] , 1, (1002) 
83, 1124, 1133, m1124 m1108 (f1107) f1117 f1133 , 1124[ 1002 ] 1108[ 1002 ] (1107[ 1002 ]) 1117[ 1002 ] 1133[ 1002 ] , 1, (1002) 
84, 1124, 1133, m1124 f1114 f1111 (f1107) m1110 f1117 f1133 , 1124[ 1002 ] 1114[ 1002 ] 1111[ 1002 ] (1107[ 1002 ]) 1110[ 1002 ] 1117[ 1002 ] 1133[ 1002 ] , 1, (1002) 
85, 1124, 1133, m1124 f1114 f1111 (f1107) f1117 f1133 , 1124[ 1002 ] 1114[ 1002 ] 1111[ 1002 ] (1107[ 1002 ]) 1117[ 1002 ] 1133[ 1002 ] , 1, (1002) 
86, 1125, 1128, m1125 f1111 (f1107) m1110 f1117 f1128 , 1125[ 1002 ] 1111[ 1002 ] (1107[ 1002 ]) 1110[ 1002 ] 1117[ 1002 ] 1128[ 1002 ] , 1, (1002) 
87, 1125, 1128, m1125 f1111 (f1107) f1117 f1128 , 1125[ 1002 ] 1111[ 1002 ] (1107[ 1002 ]) 1117[ 1002 ] 1128[ 1002 ] , 1, (1002) 
88, 1129, 1140, m1129 f1116 m1110 (f1107) f1117 f1140 , 1129[ 1002 ] 1116[ 1002 ] 1110[ 1002 ] (1107[ 1002 ]) 1117[ 1002 ] 1140[ 1002 ] , 1, (1002) 
89, 1129, 1140, m1129 m1112 (f1107) m1110 f1117 f1140 , 1129[ 1002 ] 1112[ 1002 ] (1107[ 1002 ]) 1110[ 1002 ] 1117[ 1002 ] 1140[ 1002 ] , 1, (1002) 
90, 1129, 1140, m1129 m1112 (f1107) f1117 f1140 , 1129[ 1002 ] 1112[ 1002 ] (1107[ 1002 ]) 1117[ 1002 ] 1140[ 1002 ] , 1, (1002) 
91, 1129, 1140, m1129 f1116 (f1107) m1110 f1117 f1140 , 1129[ 1002 ] 1116[ 1002 ] (1107[ 1002 ]) 1110[ 1002 ] 1117[ 1002 ] 1140[ 1002 ] , 1, (1002) 
92, 1129, 1140, m1129 f1116 (f1107) f1117 f1140 , 1129[ 1002 ] 1116[ 1002 ] (1107[ 1002 ]) 1117[ 1002 ] 1140[ 1002 ] , 1, (1002) 
93, 1129, 1140, m1129 f1116 (m1110) f1117 f1140 , 1129[ 1002 ] 1116[ 1002 ] (1110[ 1002 ]) 1117[ 1002 ] 1140[ 1002 ] , 1, (1002) 
94, 1131, 1133, m1131 m1110 (f1107) f1117 f1133 , 1131[ 1002 ] 1110[ 1002 ] (1107[ 1002 ]) 1117[ 1002 ] 1133[ 1002 ] , 1, (1002) 
95, 1131, 1133, m1131 f1111 (f1107) m1110 f1117 f1133 , 1131[ 1002 ] 1111[ 1002 ] (1107[ 1002 ]) 1110[ 1002 ] 1117[ 1002 ] 1133[ 1002 ] , 1, (1002) 
96, 1131, 1133, m1131 f1111 (f1107) f1117 f1133 , 1131[ 1002 ] 1111[ 1002 ] (1107[ 1002 ]) 1117[ 1002 ] 1133[ 1002 ] , 1, (1002) 
97, 1131, 1133, m1131 (m1110) f1117 f1133 , 1131[ 1002 ] (1110[ 1002 ]) 1117[ 1002 ] 1133[ 1002 ] , 1, (1002) 
98, 1134, 1135, m1134 f1116 m1110 (f1107) m1108 f1135 , 1134[ 1002 ] 1116[ 1002 ] 1110[ 1002 ] (1107[ 1002 ]) 1108[ 1002 ] 1135[ 1002 ] , 1, (1002) 
99, 1134, 1135, m1134 f1116 m1110 (f1107) f1111 f1114 f1135 , 1134[ 1002 ] 1116[ 1002 ] 1110[ 1002 ] (1107[ 1002 ]) 1111[ 1002 ] 1114[ 1002 ] 1135[ 1002 ] , 1, (1002) 
100, 1134, 1135, m1134 m1112 (f1107) m1108 f1135 , 1134[ 1002 ] 1112[ 1002 ] (1107[ 1002 ]) 1108[ 1002 ] 1135[ 1002 ] , 1, (1002) 
101, 1134, 1135, m1134 m1112 (f1107) f1111 f1114 f1135 , 1134[ 1002 ] 1112[ 1002 ] (1107[ 1002 ]) 1111[ 1002 ] 1114[ 1002 ] 1135[ 1002 ] , 1, (1002) 
102, 1134, 1135, m1134 f1116 (f1107) m1108 f1135 , 1134[ 1002 ] 1116[ 1002 ] (1107[ 1002 ]) 1108[ 1002 ] 1135[ 1002 ] , 1, (1002) 
103, 1134, 1135, m1134 f1116 (f1107) f1111 f1114 f1135 , 1134[ 1002 ] 1116[ 1002 ] (1107[ 1002 ]) 1111[ 1002 ] 1114[ 1002 ] 1135[ 1002 ] , 1, (1002) 
104, 1142, 1153, m1142 f1119 f1113 m1110 (f1107) m1108 f1153 , 1142[ 1002 ] 1119[ 1002 ] 1113[ 1002 ] 1110[ 1002 ] (1107[ 1002 ]) 1108[ 1002 ] 1153[ 1002 ] , 1, (1002) 
105, 1142, 1153, m1142 f1119 f1113 m1110 (f1107) f1111 f1114 f1153 , 1142[ 1002 ] 1119[ 1002 ] 1113[ 1002 ] 1110[ 1002 ] (1107[ 1002 ]) 1111[ 1002 ] 1114[ 1002 ] 1153[ 1002 ] , 1, (1002) 
106, 1142, 1153, m1142 m1110 (f1107) m1108 f1153 , 1142[ 1002 ] 1110[ 1002 ] (1107[ 1002 ]) 1108[ 1002 ] 1153[ 1002 ] , 1, (1002) 
107, 1142, 1153, m1142 m1110 (f1107) f1111 f1114 f1153 , 1142[ 1002 ] 1110[ 1002 ] (1107[ 1002 ]) 1111[ 1002 ] 1114[ 1002 ] 1153[ 1002 ] , 1, (1002) 
108, 1142, 1153, m1142 f1119 m1112 (f1107) m1108 f1153 , 1142[ 1002 ] 1119[ 1002 ] 1112[ 1002 ] (1107[ 1002 ]) 1108[ 1002 ] 1153[ 1002 ] , 1, (1002) 
109, 1142, 1153, m1142 f1119 m1112 (f1107) f1111 f1114 f1153 , 1142[ 1002 ] 1119[ 1002 ] 1112[ 1002 ] (1107[ 1002 ]) 1111[ 1002 ] 1114[ 1002 ] 1153[ 1002 ] , 1, (1002) 
110, 1142, 1153, m1142 f1119 f1113 (f1107) m1108 f1153 , 1142[ 1002 ] 1119[ 1002 ] 1113[ 1002 ] (1107[ 1002 ]) 1108[ 1002 ] 1153[ 1002 ] , 1, (1002) 
111, 1142, 1153, m1142 f1119 f1113 (f1107) f1111 f1114 f1153 , 1142[ 1002 ] 1119[ 1002 ] 1113[ 1002 ] (1107[ 1002 ]) 1111[ 1002 ] 1114[ 1002 ] 1153[ 1002 ] , 1, (1002) 
112, 1458, 1459, m1458 m1032 m1008 (f1002) f1011 f1031 f1059 f1459 , 1458[ 1002 ] 1032[ 1002 ] 1008[ 1002 ] (1002[ 1002 ]) 1011[ 1002 ] 1031[ 1002 ] 1059[ 1002 ] 1459[ 1002 ] , 1, (1002) 
113, 1458, 1459, m1458 f1034 m1008 (f1002) f1011 f1031 f1059 f1459 , 1458[ 1002 ] 1034[ 1002 ] 1008[ 1002 ] (1002[ 1002 ]) 1011[ 1002 ] 1031[ 1002 ] 1059[ 1002 ] 1459[ 1002 ] , 1, (1002) 
114, 1458, 1459, m1458 m1032 f1011 (f1002) m1008 f1031 f1059 f1459 , 1458[ 1002 ] 1032[ 1002 ] 1011[ 1002 ] (1002[ 1002 ]) 1008[ 1002 ] 1031[ 1002 ] 1059[ 1002 ] 1459[ 1002 ] , 1, (1002) 
115, 1458, 1459, m1458 f1034 f1011 (f1002) m1008 f1031 f1059 f1459 , 1458[ 1002 ] 1034[ 1002 ] 1011[ 1002 ] (1002[ 1002 ]) 1008[ 1002 ] 1031[ 1002 ] 1059[ 1002 ] 1459[ 1002 ] , 1, (1002) 
116, 1458, 1459, m1458 m1032 (m1008) f1031 f1059 f1459 , 1458[ 1002 ] 1032[ 1002 ] (1008[ 1002 ]) 1031[ 1002 ] 1059[ 1002 ] 1459[ 1002 ] , 1, (1002) 
117, 1458, 1459, m1458 f1034 (m1008) f1031 f1059 f1459 , 1458[ 1002 ] 1034[ 1002 ] (1008[ 1002 ]) 1031[ 1002 ] 1059[ 1002 ] 1459[ 1002 ] , 1, (1002) 
118, 1458, 1459, m1458 m1032 (f1011) f1031 f1059 f1459 , 1458[ 1002 ] 1032[ 1002 ] (1011[ 1002 ]) 1031[ 1002 ] 1059[ 1002 ] 1459[ 1002 ] , 1, (1002) 
119, 1458, 1459, m1458 f1034 (f1011) f1031 f1059 f1459 , 1458[ 1002 ] 1034[ 1002 ] (1011[ 1002 ]) 1031[ 1002 ] 1059[ 1002 ] 1459[ 1002 ] , 1, (1002) 
