Numero, Profundidade Geral, Profundidade Media(Sum(filhos.pm)/filhos), Profundidade Arvore Dominadores
1001, 7, 4, 6
1002, 7, 4, 6
1003, 6, 4, 6
1004, 6, 3, 6
1005, 5, 3, -1
1006, 4, 3, -1
1007, 6, 3, -1
1008, 5, 3, -1
1009, 5, 3, -1
1010, 5, 3, -1
1011, 5, 3, -1
1012, 3, 2, -1
1013, 5, 3, -1
1014, 5, 3, -1
1015, 5, 3, -1
1016, 5, 2, -1
1017, 4, 3, -1
1018, 5, 3, -1
1019, 3, 2, -1
1020, 3, 2, -1
1021, 3, 2, -1
1022, 4, 3, -1
1023, 3, 3, -1
1024, 1, 1, -1
1025, 1, 1, -1
1026, 3, 2, -1
1027, 3, 2, -1
1028, 3, 2, -1
1029, 3, 2, -1
1030, 2, 2, -1
1031, 4, 3, -1
1032, 4, 2, -1
1033, 3, 2, -1
1034, 4, 2, -1
1035, 2, 2, -1
1036, 2, 2, -1
1037, 2, 2, -1
1038, 4, 2, -1
1039, 4, 2, -1
1040, 4, 3, -1
1041, 4, 2, -1
1042, 4, 2, -1
1043, 4, 3, -1
1044, 4, 3, -1
1045, 4, 2, -1
1046, 3, 2, -1
1047, 3, 2, -1
1048, 2, 2, -1
1049, 2, 2, -1
1050, 3, 2, -1
1051, 2, 2, -1
1052, 2, 2, -1
1053, 2, 2, -1
1054, 2, 2, -1
1055, 2, 2, -1
1056, 3, 2, -1
1057, 3, 2, -1
1058, 3, 2, -1
1059, 3, 2, -1
1060, 4, 2, -1
1061, 4, 2, -1
1062, 3, 2, -1
1063, 3, 2, -1
1064, 3, 2, -1
1065, 3, 2, -1
1066, 2, 2, -1
1067, 3, 2, -1
1068, 2, 2, -1
1069, 2, 2, -1
1070, 3, 2, -1
1071, 3, 2, -1
1073, 3, 2, -1
1074, 2, 2, -1
1075, 3, 2, -1
1076, 3, 2, -1
1077, 1, 1, -1
1078, 3, 2, -1
1079, 4, 2, -1
1080, 3, 2, -1
1081, 3, 2, -1
1082, 1, 1, -1
1083, 2, 2, -1
1084, 2, 2, -1
1085, 2, 2, -1
1086, 1, 1, -1
1087, 2, 2, -1
1088, 3, 2, -1
1089, 2, 2, -1
1090, 2, 2, -1
1091, 2, 2, -1
1092, 2, 2, -1
1093, 2, 2, -1
1094, 2, 2, -1
1095, 1, 1, -1
1096, 3, 2, -1
1097, 2, 2, -1
1100, 2, 2, -1
1101, 1, 1, -1
1102, 2, 2, -1
1103, 1, 1, -1
1104, 2, 2, -1
1105, 7, 4, 6
1106, 6, 2, 4
1107, 6, 3, -1
1108, 3, 2, -1
1109, 4, 2, -1
1110, 5, 2, -1
1111, 4, 2, -1
1112, 4, 2, -1
1113, 4, 2, -1
1114, 3, 2, -1
1115, 1, 1, -1
1116, 3, 2, -1
1117, 3, 2, -1
1118, 2, 2, -1
1119, 3, 2, -1
1120, 2, 2, -1
1121, 2, 2, -1
1122, 1, 1, -1
1123, 3, 2, -1
1124, 2, 2, -1
1125, 2, 2, -1
1126, 1, 1, -1
1127, 2, 2, -1
1128, 2, 2, -1
1129, 2, 2, -1
1130, 1, 1, -1
1131, 2, 2, -1
1132, 2, 2, -1
1133, 2, 2, -1
1134, 2, 2, -1
1135, 2, 2, -1
1136, 2, 2, -1
1137, 1, 1, -1
1138, 2, 2, -1
1139, 2, 2, -1
1140, 2, 2, -1
1141, 1, 1, -1
1142, 2, 2, -1
1143, 1, 1, -1
1144, 1, 1, -1
1145, 2, 2, -1
1146, 2, 2, -1
1147, 1, 1, -1
1148, 1, 1, -1
1149, 1, 1, -1
1150, 1, 1, -1
1151, 1, 1, -1
1152, 1, 1, -1
1153, 2, 2, -1
1154, 1, 1, -1
1155, 1, 1, -1
1156, 1, 1, -1
1157, 1, 1, -1
1158, 1, 1, -1
1159, 1, 1, -1
1160, 1, 1, -1
1161, 1, 1, -1
1162, 1, 1, -1
1163, 1, 1, -1
1164, 1, 1, -1
1165, 1, 1, -1
1166, 1, 1, -1
1167, 1, 1, -1
1168, 1, 1, -1
1169, 1, 1, -1
1170, 1, 1, -1
1171, 1, 1, -1
1172, 1, 1, -1
1173, 1, 1, -1
1174, 1, 1, -1
1175, 1, 1, -1
1176, 1, 1, -1
1177, 1, 1, -1
1178, 1, 1, -1
1179, 1, 1, -1
1180, 1, 1, -1
1181, 1, 1, -1
1182, 1, 1, -1
1183, 1, 1, -1
1184, 1, 1, -1
1185, 1, 1, -1
1186, 1, 1, -1
1187, 1, 1, -1
1188, 1, 1, -1
1189, 1, 1, -1
1190, 1, 1, -1
1191, 1, 1, -1
1192, 1, 1, -1
1193, 1, 1, -1
1194, 3, 2, 3
1195, 3, 2, 3
1196, 3, 3, 3
1197, 2, 2, 2
1201, 2, 2, 2
1203, 4, 3, 4
1204, 4, 3, 4
1205, 2, 2, -1
1216, 2, 2, -1
1226, 2, 2, -1
1228, 2, 2, -1
1229, 2, 2, -1
1230, 1, 1, -1
1233, 2, 2, -1
1239, 2, 2, -1
1240, 2, 2, -1
1247, 2, 2, -1
1250, 2, 2, -1
1251, 1, 1, -1
1252, 2, 2, -1
1256, 1, 1, -1
1257, 2, 2, -1
1258, 2, 2, -1
1259, 2, 2, -1
1261, 1, 1, -1
1264, 2, 2, -1
1265, 1, 1, -1
1267, 2, 2, -1
1268, 1, 1, -1
1271, 2, 2, -1
1278, 2, 2, -1
1279, 2, 2, -1
1280, 1, 1, -1
1281, 1, 1, -1
1296, 2, 2, -1
1354, 1, 1, -1
1355, 1, 1, -1
1367, 1, 1, -1
1368, 1, 1, -1
1369, 1, 1, -1
1370, 1, 1, -1
1371, 1, 1, -1
1372, 1, 1, -1
1375, 1, 1, -1
1376, 2, 2, -1
1377, 1, 1, -1
1378, 1, 1, -1
1379, 1, 1, -1
1380, 2, 2, -1
1381, 1, 1, -1
1382, 1, 1, -1
1383, 1, 1, -1
1384, 1, 1, -1
1385, 1, 1, -1
1386, 1, 1, -1
1387, 1, 1, -1
1388, 1, 1, -1
1389, 1, 1, -1
1390, 1, 1, -1
1391, 1, 1, -1
1392, 1, 1, -1
1393, 1, 1, -1
1394, 1, 1, -1
1395, 1, 1, -1
1396, 1, 1, -1
1397, 1, 1, -1
1398, 1, 1, -1
1399, 1, 1, -1
1400, 1, 1, -1
1401, 1, 1, -1
1402, 1, 1, -1
1403, 1, 1, -1
1404, 1, 1, -1
1405, 1, 1, -1
1406, 1, 1, -1
1407, 1, 1, -1
1408, 1, 1, -1
1409, 1, 1, -1
1410, 1, 1, -1
1411, 1, 1, -1
1412, 1, 1, -1
1413, 1, 1, -1
1414, 1, 1, -1
1415, 1, 1, -1
1416, 1, 1, -1
1417, 2, 2, -1
1418, 1, 1, -1
1419, 1, 1, -1
1420, 1, 1, -1
1421, 1, 1, -1
1422, 1, 1, -1
1423, 1, 1, -1
1424, 1, 1, -1
1425, 1, 1, -1
1426, 1, 1, -1
1427, 1, 1, -1
1428, 1, 1, -1
1429, 1, 1, -1
1430, 1, 1, -1
1431, 1, 1, -1
1432, 1, 1, -1
1433, 1, 1, -1
1434, 1, 1, -1
1435, 1, 1, -1
1436, 1, 1, -1
1437, 1, 1, -1
1438, 1, 1, -1
1439, 2, 2, -1
1440, 1, 1, -1
1441, 1, 1, -1
1442, 1, 1, -1
1443, 1, 1, -1
1444, 1, 1, -1
1445, 1, 1, -1
1446, 1, 1, -1
1447, 1, 1, -1
1448, 1, 1, -1
1449, 1, 1, -1
1450, 1, 1, -1
1451, 1, 1, -1
1452, 1, 1, -1
1453, 1, 1, -1
1454, 1, 1, -1
1455, 1, 1, -1
1456, 1, 1, -1
1457, 1, 1, -1
1458, 2, 2, -1
1459, 2, 2, -1
1460, 1, 1, -1
1461, 1, 1, -1
1462, 1, 1, -1
1463, 1, 1, -1
1464, 1, 1, -1
1465, 1, 1, -1
1466, 1, 1, -1
1467, 1, 1, -1
1468, 1, 1, -1
1469, 1, 1, -1
1470, 1, 1, -1
1471, 1, 1, -1
1472, 1, 1, -1
1473, 1, 1, -1
1474, 1, 1, -1
1475, 1, 1, -1
1476, 1, 1, -1
1477, 1, 1, -1
1478, 1, 1, -1
1479, 1, 1, -1
1480, 1, 1, -1
1481, 1, 1, -1
1482, 1, 1, -1
1483, 1, 1, -1
1484, 1, 1, -1
1485, 1, 1, -1
1486, 1, 1, -1
1487, 1, 1, -1
1488, 1, 1, -1
1489, 1, 1, -1
1490, 1, 1, -1
1491, 1, 1, -1
1492, 1, 1, -1
1493, 1, 1, -1
1494, 1, 1, -1
1495, 1, 1, -1
1496, 1, 1, -1
1497, 1, 1, -1
1498, 1, 1, -1
1499, 1, 1, -1
1501, 1, 1, -1
1502, 1, 1, -1
1503, 1, 1, -1
1504, 1, 1, -1
1505, 1, 1, -1
1506, 1, 1, -1
1507, 1, 1, -1
1508, 1, 1, -1
1509, 1, 1, -1
1510, 1, 1, -1
1511, 1, 1, -1
1512, 2, 2, -1
1513, 1, 1, -1
1514, 1, 1, -1
1515, 1, 1, -1
1516, 1, 1, -1
1517, 1, 1, -1
1518, 1, 1, -1
1519, 1, 1, -1
1520, 1, 1, -1
1521, 1, 1, -1
1522, 1, 1, -1
1523, 1, 1, -1
1524, 1, 1, -1
1525, 1, 1, -1
1526, 1, 1, -1
1527, 1, 1, -1
1528, 1, 1, -1
1529, 1, 1, -1
1530, 1, 1, -1
1531, 1, 1, -1
