1007 1105 1006
1008 1001 1011
1008 1002 1011
1013 1004 1018
1013 1003 1014 1040
1013 1004 1014 1040
1016 1004 1015 1044
1016 1007 1105 1005 1044
1016 1004 1015 1043 1056
1016 1007 1105 1005 1043 1056
1017 1007 1022
1019 1007 1016 1070
1019 1006 1105 1005 1044 1070
1019 1006 1105 1007 1016 1070
1019 1007 1016 1080
1019 1006 1105 1007 1016 1080
1020 1006 1105 1005 1043 1057
1021 1007 1016 1071
1021 1007 1105 1005 1044 1071
1021 1007 1016 1070 1092
1021 1007 1019 1092
1021 1007 1105 1005 1044 1070 1092
1021 1007 1105 1006 1019 1092
1023 1007 1105 1005 1040 1050
1038 1014 1004 1017 1026
1038 1005 1105 1007 1017 1026
1038 1005 1105 1007 1022 1026
1038 1014 1004 1017 1027
1038 1005 1105 1007 1017 1027
1038 1005 1105 1007 1022 1027
1062 1013 1004 1017 1028
1062 1018 1004 1017 1028
1062 1018 1007 1017 1028
1062 1018 1007 1022 1028
1075 1008 1001 1009 1022 1028
1075 1008 1002 1009 1022 1028
1075 1045 1015 1004 1017 1028
1075 1045 1005 1105 1007 1017 1028
1075 1045 1005 1105 1007 1022 1028
1064 1013 1004 1017 1029
1064 1018 1004 1017 1029
1064 1018 1007 1017 1029
1064 1018 1007 1022 1029
1030 1022 1009 1001 1008 1031 1057 1100
1030 1022 1009 1001 1011 1031 1057 1100
1030 1022 1009 1002 1008 1031 1057 1100
1030 1022 1009 1002 1011 1031 1057 1100
1030 1017 1004 1015 1043 1057 1100
1030 1017 1007 1020 1100
1030 1022 1007 1020 1100
1030 1017 1007 1105 1005 1043 1057 1100
1030 1017 1007 1105 1006 1020 1100
1030 1022 1007 1105 1005 1043 1057 1100
1030 1022 1007 1105 1006 1020 1100
1032 1008 1001 1011 1034
1032 1008 1001 1011 1034
1032 1008 1002 1011 1034
1032 1008 1002 1011 1034
1032 1008 1034
1032 1011 1034
1036 1008 1073 1102
1036 1008 1001 1010 1042 1376
1036 1011 1001 1010 1042 1376
1036 1008 1002 1010 1042 1376
1036 1011 1002 1010 1042 1376
1038 1014 1003 1013 1060
1038 1014 1004 1013 1060
1038 1014 1004 1018 1060
1038 1005 1105 1007 1018 1060
1039 1014 1003 1013 1061
1039 1014 1004 1013 1061
1039 1014 1004 1018 1061
1039 1005 1105 1007 1018 1061
1039 1014 1003 1015 1043 1096
1039 1014 1004 1015 1043 1096
1039 1014 1004 1016 1079 1096
1039 1005 1043 1096
1039 1005 1105 1007 1016 1079 1096
1042 1013 1003 1014 1041
1042 1013 1004 1014 1041
1042 1013 1003 1015 1045
1042 1013 1004 1015 1045
1042 1013 1003 1014 1040 1051
1042 1013 1004 1014 1040 1051
1042 1013 1051
1042 1010 1001 1008 1078
1042 1010 1002 1008 1078
1042 1013 1003 1015 1045 1078
1042 1013 1004 1015 1045 1078
1043 1015 1004 1016 1079
1043 1005 1105 1007 1016 1079
1046 1005 1043 1058
1046 1015 1043 1058
1046 1015 1003 1013 1065
1046 1015 1004 1013 1065
1046 1015 1004 1018 1065
1046 1005 1105 1007 1018 1065
1075 1008 1001 1011 1032 1047
1075 1008 1001 1011 1034 1047
1075 1008 1002 1011 1032 1047
1075 1008 1002 1011 1034 1047
1075 1008 1032 1047
1075 1008 1034 1047
1048 1032 1008 1001 1011 1033 1205
1048 1034 1008 1001 1011 1033 1205
1048 1032 1008 1001 1011 1033 1205
1048 1034 1008 1001 1011 1033 1205
1048 1032 1008 1002 1011 1033 1205
1048 1034 1008 1002 1011 1033 1205
1048 1032 1008 1002 1011 1033 1205
1048 1034 1008 1002 1011 1033 1205
1048 1032 1008 1033 1205
1048 1034 1008 1033 1205
1048 1032 1011 1033 1205
1048 1034 1011 1033 1205
1074 1008 1001 1011 1033 1049
1074 1008 1002 1011 1033 1049
1074 1008 1033 1049
1088 1039 1014 1003 1013 1050
1088 1061 1013 1003 1014 1040 1050
1088 1039 1014 1004 1013 1050
1088 1061 1013 1004 1014 1040 1050
1088 1061 1018 1004 1014 1040 1050
1088 1039 1005 1040 1050
1088 1061 1013 1050
1088 1039 1014 1040 1050
1088 1061 1018 1007 1105 1005 1040 1050
1052 1013 1003 1015 1043 1056 1252
1052 1040 1014 1003 1015 1043 1056 1252
1052 1013 1004 1015 1043 1056 1252
1052 1013 1004 1016 1252
1052 1040 1014 1004 1015 1043 1056 1252
1052 1040 1014 1004 1016 1252
1052 1040 1005 1043 1056 1252
1052 1040 1005 1105 1007 1016 1252
1053 1013 1004 1016 1079 1279
1053 1013 1004 1018 1063 1279
1053 1040 1014 1004 1016 1079 1279
1053 1013 1063 1279
1053 1040 1005 1105 1007 1016 1079 1279
1053 1040 1005 1105 1007 1018 1063 1279
1053 1013 1003 1014 1039 1512
1053 1013 1003 1015 1043 1096 1512
1053 1040 1014 1003 1015 1043 1096 1512
1053 1013 1004 1014 1039 1512
1053 1013 1004 1015 1043 1096 1512
1053 1013 1004 1016 1079 1096 1512
1053 1040 1014 1004 1015 1043 1096 1512
1053 1040 1014 1004 1016 1079 1096 1512
1053 1040 1005 1039 1512
1053 1040 1005 1043 1096 1512
1053 1040 1014 1039 1512
1053 1040 1005 1105 1007 1016 1079 1096 1512
1054 1038 1014 1003 1015 1043 1096 1239
1054 1038 1014 1004 1015 1043 1096 1239
1054 1038 1014 1004 1016 1079 1096 1239
1054 1027 1017 1004 1014 1039 1239
1054 1027 1017 1004 1015 1043 1096 1239
1054 1027 1017 1004 1016 1079 1096 1239
1054 1038 1005 1039 1239
1054 1038 1005 1043 1096 1239
1054 1027 1017 1007 1016 1079 1096 1239
1054 1027 1022 1007 1016 1079 1096 1239
1054 1027 1022 1009 1079 1096 1239
1054 1038 1014 1039 1239
1054 1038 1005 1105 1007 1016 1079 1096 1239
1054 1027 1017 1007 1105 1005 1039 1239
1054 1027 1017 1007 1105 1005 1043 1096 1239
1054 1027 1022 1007 1105 1005 1039 1239
1054 1027 1022 1007 1105 1005 1043 1096 1239
1066 1013 1003 1014 1038 1055
1066 1013 1004 1014 1038 1055
1066 1018 1004 1014 1038 1055
1066 1013 1004 1017 1026 1055
1066 1018 1004 1017 1026 1055
1066 1018 1007 1017 1026 1055
1066 1018 1007 1022 1026 1055
1066 1018 1007 1105 1005 1038 1055
1093 1070 1016 1004 1015 1043 1056
1093 1070 1044 1005 1043 1056
1093 1070 1044 1015 1043 1056
1093 1019 1006 1105 1005 1043 1056
1093 1070 1016 1007 1105 1005 1043 1056
1093 1019 1007 1105 1005 1043 1056
1081 1060 1013 1003 1015 1043 1059
1081 1038 1014 1003 1015 1043 1059
1081 1060 1013 1004 1015 1043 1059
1081 1038 1014 1004 1015 1043 1059
1081 1060 1018 1004 1015 1043 1059
1081 1038 1005 1043 1059
1081 1060 1018 1007 1105 1005 1043 1059
1063 1013 1004 1016 1079
1063 1018 1004 1016 1079
1063 1018 1007 1016 1079
1063 1013 1003 1015 1043 1056 1216
1063 1013 1004 1015 1043 1056 1216
1063 1013 1004 1016 1216
1063 1018 1004 1015 1043 1056 1216
1063 1018 1004 1016 1216
1063 1018 1007 1016 1216
1063 1018 1007 1105 1005 1043 1056 1216
1064 1013 1003 1015 1044 1070 1094
1064 1013 1004 1015 1044 1070 1094
1064 1013 1004 1016 1070 1094
1064 1018 1004 1015 1044 1070 1094
1064 1018 1004 1016 1070 1094
1064 1018 1007 1016 1070 1094
1064 1018 1007 1019 1094
1064 1018 1007 1105 1005 1044 1070 1094
1064 1018 1007 1105 1006 1019 1094
1066 1013 1003 1015 1045 1078
1066 1013 1004 1015 1045 1078
1066 1018 1004 1015 1045 1078
1066 1018 1007 1105 1005 1045 1078
1076 1008 1001 1010 1042 1067
1076 1008 1002 1010 1042 1067
1076 1045 1015 1003 1013 1042 1067
1076 1045 1015 1003 1014 1041 1067
1076 1045 1015 1004 1013 1042 1067
1076 1045 1015 1004 1014 1041 1067
1076 1045 1005 1041 1067
1068 1042 1010 1001 1009 1021 1380
1068 1042 1010 1002 1009 1021 1380
1068 1042 1013 1003 1015 1044 1071 1380
1068 1041 1014 1003 1015 1044 1071 1380
1068 1042 1013 1004 1015 1044 1071 1380
1068 1042 1013 1004 1016 1071 1380
1068 1041 1014 1004 1015 1044 1071 1380
1068 1041 1014 1004 1016 1071 1380
1068 1041 1005 1044 1071 1380
1068 1041 1005 1105 1007 1016 1071 1380
1068 1041 1005 1105 1007 1021 1380
1069 1042 1010 1001 1008 1031 1059 1259
1069 1042 1010 1001 1011 1031 1059 1259
1069 1042 1010 1002 1008 1031 1059 1259
1069 1042 1010 1002 1011 1031 1059 1259
1069 1042 1013 1003 1014 1038 1081 1259
1069 1042 1013 1003 1015 1043 1059 1259
1069 1041 1014 1003 1013 1060 1081 1259
1069 1041 1014 1003 1015 1043 1059 1259
1069 1042 1013 1004 1014 1038 1081 1259
1069 1042 1013 1004 1015 1043 1059 1259
1069 1042 1013 1004 1018 1060 1081 1259
1069 1041 1014 1004 1013 1060 1081 1259
1069 1041 1014 1004 1015 1043 1059 1259
1069 1041 1014 1004 1018 1060 1081 1259
1069 1041 1005 1038 1081 1259
1069 1041 1005 1043 1059 1259
1069 1042 1013 1060 1081 1259
1069 1041 1014 1038 1081 1259
1069 1041 1005 1105 1007 1018 1060 1081 1259
1075 1008 1001 1010 1042 1376
1075 1008 1002 1010 1042 1376
1075 1045 1015 1003 1013 1042 1376
1075 1045 1015 1003 1014 1041 1376
1075 1045 1015 1004 1013 1042 1376
1075 1045 1015 1004 1014 1041 1376
1075 1045 1005 1041 1376
1091 1070 1044 1015 1003 1013 1062 1084
1091 1070 1044 1015 1004 1013 1062 1084
1091 1070 1016 1004 1013 1062 1084
1091 1070 1044 1015 1004 1017 1028 1084
1091 1070 1016 1004 1017 1028 1084
1091 1070 1016 1007 1017 1028 1084
1091 1019 1007 1017 1028 1084
1091 1070 1016 1007 1018 1062 1084
1091 1019 1007 1018 1062 1084
1091 1070 1044 1005 1105 1007 1017 1028 1084
1091 1019 1006 1105 1007 1017 1028 1084
1091 1070 1044 1005 1105 1007 1018 1062 1084
1091 1019 1006 1105 1007 1018 1062 1084
1085 1080 1016 1004 1013 1240
1085 1080 1016 1004 1014 1040 1240
1085 1019 1006 1105 1005 1040 1240
1085 1080 1016 1007 1105 1005 1040 1240
1087 1061 1013 1003 1015 1044 1071 1271
1087 1039 1014 1003 1015 1044 1071 1271
1087 1061 1013 1004 1015 1044 1071 1271
1087 1061 1013 1004 1016 1071 1271
1087 1039 1014 1004 1015 1044 1071 1271
1087 1039 1014 1004 1016 1071 1271
1087 1061 1018 1004 1015 1044 1071 1271
1087 1039 1005 1044 1071 1271
1087 1061 1018 1007 1016 1071 1271
1087 1061 1018 1007 1021 1271
1087 1039 1005 1105 1007 1016 1071 1271
1087 1039 1005 1105 1007 1021 1271
1087 1061 1018 1007 1105 1005 1044 1071 1271
1089 1061 1013 1003 1015 1043 1058 1258
1089 1061 1013 1003 1015 1046 1258
1089 1039 1014 1003 1015 1043 1058 1258
1089 1039 1014 1003 1015 1046 1258
1089 1061 1013 1004 1015 1043 1058 1258
1089 1061 1013 1004 1015 1046 1258
1089 1039 1014 1004 1015 1043 1058 1258
1089 1039 1014 1004 1015 1046 1258
1089 1039 1005 1043 1058 1258
1089 1039 1005 1046 1258
1089 1061 1018 1007 1105 1005 1043 1058 1258
1089 1061 1018 1007 1105 1005 1046 1258
1090 1039 1014 1003 1013 1064 1229
1090 1061 1013 1004 1017 1029 1229
1090 1061 1013 1004 1018 1064 1229
1090 1039 1014 1004 1013 1064 1229
1090 1039 1014 1004 1017 1029 1229
1090 1039 1014 1004 1018 1064 1229
1090 1061 1013 1004 1018 1064 1229
1090 1061 1018 1007 1017 1029 1229
1090 1061 1018 1007 1022 1029 1229
1090 1061 1013 1064 1229
1090 1061 1018 1064 1229
1090 1039 1005 1105 1007 1017 1029 1229
1090 1039 1005 1105 1007 1018 1064 1229
1090 1039 1005 1105 1007 1022 1029 1229
1093 1070 1044 1015 1003 1013 1042 1067 1267
1093 1070 1044 1015 1003 1014 1041 1067 1267
1093 1070 1044 1015 1004 1013 1042 1067 1267
1093 1070 1044 1015 1004 1014 1041 1067 1267
1093 1070 1016 1004 1013 1042 1067 1267
1093 1070 1016 1004 1014 1041 1067 1267
1093 1070 1016 1004 1015 1045 1076 1267
1093 1070 1044 1005 1041 1067 1267
1093 1070 1044 1005 1045 1076 1267
1093 1070 1044 1015 1045 1076 1267
1093 1019 1006 1105 1005 1041 1067 1267
1093 1019 1006 1105 1005 1045 1076 1267
1093 1070 1016 1007 1105 1005 1041 1067 1267
1093 1070 1016 1007 1105 1005 1045 1076 1267
1093 1019 1007 1105 1005 1041 1067 1267
1097 1043 1015 1003 1014 1038 1226
1097 1043 1015 1004 1014 1038 1226
1097 1043 1015 1004 1017 1026 1226
1097 1079 1016 1004 1014 1038 1226
1097 1079 1016 1004 1017 1026 1226
1097 1043 1005 1038 1226
1097 1079 1016 1007 1017 1026 1226
1097 1079 1016 1007 1022 1026 1226
1097 1079 1009 1022 1026 1226
1097 1043 1005 1105 1007 1017 1026 1226
1097 1043 1005 1105 1007 1022 1026 1226
1097 1079 1016 1007 1105 1005 1038 1226
1104 1063 1013 1004 1017 1028 1228
1104 1063 1013 1004 1018 1062 1228
1104 1079 1016 1004 1013 1062 1228
1104 1079 1016 1004 1017 1028 1228
1104 1079 1016 1004 1018 1062 1228
1104 1079 1016 1007 1017 1028 1228
1104 1079 1016 1007 1018 1062 1228
1104 1079 1016 1007 1022 1028 1228
1104 1063 1018 1007 1017 1028 1228
1104 1063 1018 1007 1022 1028 1228
1104 1079 1009 1022 1028 1228
1104 1063 1013 1062 1228
1104 1063 1018 1062 1228
1108 1106 1111
1108 1107 1111
1108 1106 1111 1114
1108 1106 1114
1108 1107 1111 1114
1109 1106 1110 1113
1109 1107 1110 1113
1109 1107 1113
1110 1106 1111
1110 1107 1111
1110 1107 1117
1110 1106 1112 1119
1110 1107 1112 1119
1110 1107 1113 1119
1112 1106 1110 1113
1112 1107 1110 1113
1112 1107 1113
1112 1106 1110 1116
1112 1107 1110 1116
1112 1107 1116
1120 1108 1106 1110 1113 1119
1120 1111 1106 1110 1113 1119
1120 1108 1107 1110 1113 1119
1120 1111 1107 1110 1113 1119
1121 1109 1106 1110 1116 1127
1121 1109 1107 1110 1116 1127
1121 1109 1107 1116 1127
1121 1113 1107 1110 1116 1127
1121 1113 1110 1116 1127
1124 1108 1106 1110 1117 1133
1124 1108 1107 1110 1117 1133
1124 1108 1107 1117 1133
1125 1106 1110 1117 1128
1125 1111 1107 1110 1117 1128
1125 1111 1107 1117 1128
1129 1112 1106 1110 1117 1140
1129 1116 1107 1110 1117 1140
1129 1112 1107 1110 1117 1140
1129 1112 1107 1117 1140
1129 1116 1110 1117 1140
1131 1110 1107 1117 1133
1131 1111 1107 1117 1133
1131 1110 1117 1133
1134 1116 1110 1106 1108 1135
1134 1116 1110 1106 1111 1114 1135
1142 1110 1106 1109 1123 1146
1142 1119 1112 1106 1109 1123 1146
1142 1110 1106 1112 1119 1113 1123 1146
1142 1110 1107 1109 1123 1146
1142 1110 1107 1113 1123 1146
1142 1119 1112 1107 1109 1123 1146
1142 1110 1113 1123 1146
1142 1119 1113 1123 1146
1296 1039 1014 1003 1013 1240
1296 1096 1043 1015 1003 1013 1240
1296 1096 1043 1015 1003 1014 1040 1240
1296 1039 1014 1004 1013 1240
1296 1096 1043 1015 1004 1013 1240
1296 1096 1079 1016 1004 1013 1240
1296 1096 1043 1015 1004 1014 1040 1240
1296 1096 1079 1016 1004 1014 1040 1240
1296 1039 1005 1040 1240
1296 1096 1043 1005 1040 1240
1296 1039 1014 1040 1240
1296 1096 1079 1016 1007 1105 1005 1040 1240
1250 1050 1013 1004 1017 1029 1264
1250 1050 1013 1004 1018 1064 1264
1250 1050 1040 1014 1004 1017 1029 1264
1250 1050 1040 1014 1004 1018 1064 1264
1250 1023 1007 1017 1029 1264
1250 1023 1007 1018 1064 1264
1250 1023 1007 1022 1029 1264
1250 1023 1009 1022 1029 1264
1250 1050 1013 1064 1264
1250 1050 1040 1005 1105 1007 1017 1029 1264
1250 1050 1040 1005 1105 1007 1018 1064 1264
1250 1050 1040 1005 1105 1007 1022 1029 1264
1458 1032 1008 1001 1011 1031 1059 1459
1458 1034 1008 1001 1011 1031 1059 1459
1458 1032 1008 1001 1011 1031 1059 1459
1458 1034 1008 1001 1011 1031 1059 1459
1458 1032 1008 1002 1011 1031 1059 1459
1458 1034 1008 1002 1011 1031 1059 1459
1458 1032 1008 1002 1011 1031 1059 1459
1458 1034 1008 1002 1011 1031 1059 1459
1458 1032 1008 1031 1059 1459
1458 1034 1008 1031 1059 1459
1458 1032 1011 1031 1059 1459
1458 1034 1011 1031 1059 1459
