Numero, primeiro_vertice_cor, segundo_vertice_cor, ...
1001, 1001
1002, 1002
1003, 1003
1004, 1004
1005, 1005, 1105
1006, 1006, 1105
1007, 1007, 1105
1008, 1001, 1002, 1008
1009, 1001, 1002, 1009
1010, 1001, 1002, 1010
1011, 1001, 1002, 1011
1012, 1012, 1203, 1204
1013, 1003, 1004, 1013
1014, 1003, 1004, 1014
1015, 1003, 1004, 1015
1016, 1004, 1007, 1016, 1105
1017, 1004, 1007, 1017, 1105
1018, 1004, 1007, 1018, 1105
1019, 1006, 1007, 1019, 1105
1020, 1006, 1007, 1105
1021, 1001, 1002, 1007, 1009, 1105
1022, 1001, 1002, 1007, 1009, 1105
1023, 1001, 1002, 1007, 1009, 1105
1024, 1001, 1002, 1007, 1009, 1024, 1105
1025, 1001, 1002, 1007, 1009, 1105
1026, 1001, 1002, 1004, 1007, 1009, 1017, 1105
1027, 1001, 1002, 1004, 1007, 1009, 1017, 1105
1028, 1001, 1002, 1004, 1007, 1009, 1017, 1105
1029, 1001, 1002, 1004, 1007, 1009, 1017, 1105
1030, 1001, 1002, 1004, 1007, 1009, 1017, 1105
1031, 1001, 1002, 1008, 1011, 1031
1032, 1001, 1002, 1008, 1011
1033, 1001, 1002, 1008, 1011
1034, 1001, 1002, 1008, 1011
1035, 1001, 1002, 1008, 1011
1036, 1001, 1002, 1008, 1011
1037, 1001, 1002, 1008, 1011
1038, 1003, 1004, 1005, 1014, 1038, 1105
1039, 1003, 1004, 1005, 1014, 1105
1040, 1003, 1004, 1005, 1014, 1105
1041, 1003, 1004, 1005, 1014, 1105
1042, 1001, 1002, 1003, 1004, 1010, 1013
1043, 1003, 1004, 1005, 1015, 1043, 1105
1044, 1003, 1004, 1005, 1015, 1044, 1105
1045, 1003, 1004, 1005, 1015, 1045, 1105
1046, 1003, 1004, 1005, 1015, 1105
1047, 1001, 1002, 1008, 1011
1048, 1001, 1002, 1008, 1011
1049, 1001, 1002, 1008, 1011, 1012, 1203, 1204
1050, 1003, 1004, 1005, 1013, 1014, 1105
1051, 1003, 1004, 1005, 1013, 1014, 1105
1052, 1003, 1004, 1005, 1013, 1014, 1105
1053, 1003, 1004, 1005, 1013, 1014, 1105
1054, 1001, 1002, 1003, 1004, 1005, 1007, 1009, 1014, 1017, 1038, 1105
1055, 1001, 1002, 1003, 1004, 1005, 1007, 1009, 1014, 1017, 1038, 1105
1056, 1001, 1002, 1003, 1004, 1005, 1008, 1011, 1015, 1031, 1043, 1105
1057, 1001, 1002, 1003, 1004, 1005, 1008, 1011, 1015, 1031, 1043, 1105
1058, 1001, 1002, 1003, 1004, 1005, 1008, 1011, 1015, 1031, 1043, 1105
1059, 1001, 1002, 1003, 1004, 1005, 1008, 1011, 1015, 1031, 1043, 1105
1060, 1003, 1004, 1007, 1013, 1018, 1060, 1105
1061, 1003, 1004, 1007, 1013, 1018, 1105
1062, 1003, 1004, 1007, 1013, 1018, 1105
1063, 1003, 1004, 1007, 1013, 1018, 1105
1064, 1003, 1004, 1007, 1013, 1018, 1105
1065, 1003, 1004, 1007, 1013, 1018, 1105
1066, 1003, 1004, 1007, 1013, 1018, 1105
1067, 1001, 1002, 1003, 1004, 1005, 1010, 1013, 1014, 1105
1068, 1001, 1002, 1003, 1004, 1005, 1010, 1013, 1014, 1105
1069, 1001, 1002, 1003, 1004, 1005, 1010, 1013, 1014, 1105
1070, 1003, 1004, 1005, 1007, 1015, 1016, 1044, 1105
1071, 1003, 1004, 1005, 1007, 1015, 1016, 1044, 1105
1073, 1001, 1002, 1003, 1004, 1005, 1008, 1015, 1045, 1105
1074, 1001, 1002, 1003, 1004, 1005, 1008, 1015, 1045, 1105
1075, 1001, 1002, 1003, 1004, 1005, 1008, 1015, 1045, 1105
1076, 1001, 1002, 1003, 1004, 1005, 1008, 1015, 1045, 1105
1077, 1001, 1002, 1003, 1004, 1005, 1008, 1015, 1045, 1105
1078, 1001, 1002, 1003, 1004, 1005, 1008, 1015, 1045, 1105
1079, 1001, 1002, 1004, 1007, 1009, 1016, 1105
1080, 1001, 1002, 1004, 1007, 1009, 1016, 1105
1081, 1003, 1004, 1005, 1007, 1013, 1014, 1018, 1038, 1060, 1105
1082, 1003, 1004, 1005, 1007, 1013, 1014, 1018, 1038, 1060, 1105
1083, 1003, 1004, 1005, 1007, 1013, 1015, 1018, 1105
1084, 1001, 1002, 1003, 1004, 1007, 1009, 1013, 1017, 1018, 1105
1085, 1001, 1002, 1004, 1006, 1007, 1009, 1016, 1019, 1105
1086, 1001, 1002, 1004, 1006, 1007, 1009, 1016, 1019, 1105
1087, 1003, 1004, 1005, 1007, 1013, 1014, 1018, 1105
1088, 1003, 1004, 1005, 1007, 1013, 1014, 1018, 1105
1089, 1003, 1004, 1005, 1007, 1013, 1014, 1018, 1105
1090, 1003, 1004, 1005, 1007, 1013, 1014, 1018, 1105
1091, 1003, 1004, 1005, 1006, 1007, 1015, 1016, 1019, 1044, 1105
1092, 1003, 1004, 1005, 1006, 1007, 1015, 1016, 1019, 1044, 1105
1093, 1003, 1004, 1005, 1006, 1007, 1015, 1016, 1019, 1044, 1105
1094, 1003, 1004, 1005, 1006, 1007, 1015, 1016, 1019, 1044, 1105
1095, 1003, 1004, 1005, 1006, 1007, 1015, 1016, 1019, 1044, 1105
1096, 1001, 1002, 1003, 1004, 1005, 1007, 1009, 1015, 1016, 1043, 1105
1097, 1001, 1002, 1003, 1004, 1005, 1007, 1009, 1015, 1016, 1043, 1105
1100, 1001, 1002, 1003, 1004, 1005, 1006, 1007, 1008, 1011, 1015, 1031, 1043, 1105
1101, 1001, 1002, 1003, 1004, 1005, 1008, 1012, 1015, 1045, 1105, 1203, 1204
1102, 1001, 1002, 1003, 1004, 1005, 1008, 1012, 1015, 1045, 1105, 1203, 1204
1103, 1001, 1002, 1003, 1004, 1005, 1008, 1012, 1015, 1045, 1105, 1203, 1204
1104, 1001, 1002, 1003, 1004, 1007, 1009, 1013, 1016, 1018, 1105
1105, 1105
1106, 1106
1107, 1001, 1002, 1107
1108, 1001, 1002, 1106, 1107
1109, 1001, 1002, 1106, 1107
1110, 1001, 1002, 1106, 1107
1111, 1001, 1002, 1106, 1107, 1111
1112, 1001, 1002, 1106, 1107
1113, 1001, 1002, 1106, 1107
1114, 1001, 1002, 1106, 1107, 1111
1115, 1001, 1002, 1106, 1107, 1111
1116, 1001, 1002, 1106, 1107
1117, 1001, 1002, 1106, 1107
1118, 1001, 1002, 1106, 1107, 1111
1119, 1001, 1002, 1106, 1107
1120, 1001, 1002, 1106, 1107, 1111
1121, 1001, 1002, 1106, 1107
1122, 1001, 1002, 1106, 1107, 1111
1123, 1001, 1002, 1106, 1107
1124, 1001, 1002, 1106, 1107, 1111
1125, 1001, 1002, 1106, 1107, 1111
1126, 1001, 1002, 1106, 1107
1127, 1001, 1002, 1106, 1107
1128, 1001, 1002, 1106, 1107
1129, 1001, 1002, 1106, 1107
1130, 1001, 1002, 1106, 1107, 1111
1131, 1001, 1002, 1106, 1107, 1111
1132, 1001, 1002, 1106, 1107
1133, 1001, 1002, 1106, 1107
1134, 1001, 1002, 1106, 1107
1135, 1001, 1002, 1106, 1107, 1111
1136, 1001, 1002, 1106, 1107
1137, 1001, 1002, 1106, 1107
1138, 1001, 1002, 1106, 1107
1139, 1001, 1002, 1106, 1107
1140, 1001, 1002, 1106, 1107
1141, 1001, 1002, 1106, 1107, 1111
1142, 1001, 1002, 1106, 1107
1143, 1001, 1002, 1106, 1107, 1111
1144, 1001, 1002, 1106, 1107
1145, 1001, 1002, 1106, 1107
1146, 1001, 1002, 1106, 1107
1147, 1001, 1002, 1106, 1107
1148, 1001, 1002, 1106, 1107
1149, 1001, 1002, 1106, 1107
1150, 1001, 1002, 1106, 1107
1151, 1001, 1002, 1106, 1107
1152, 1001, 1002, 1106, 1107
1153, 1001, 1002, 1106, 1107, 1111
1154, 1001, 1002, 1106, 1107, 1111
1155, 1001, 1002, 1106, 1107
1156, 1001, 1002, 1106, 1107
1157, 1001, 1002, 1106, 1107
1158, 1001, 1002, 1106, 1107, 1111
1159, 1001, 1002, 1106, 1107
1160, 1001, 1002, 1106, 1107, 1111
1161, 1001, 1002, 1106, 1107, 1111
1162, 1001, 1002, 1106, 1107
1163, 1001, 1002, 1106, 1107
1164, 1001, 1002, 1106, 1107
1165, 1001, 1002, 1106, 1107, 1111
1166, 1001, 1002, 1106, 1107, 1111
1167, 1001, 1002, 1106, 1107
1168, 1001, 1002, 1106, 1107
1169, 1001, 1002, 1106, 1107, 1111
1170, 1001, 1002, 1106, 1107, 1111
1171, 1001, 1002, 1106, 1107
1172, 1001, 1002, 1106, 1107, 1111
1173, 1001, 1002, 1106, 1107
1174, 1001, 1002, 1106, 1107, 1111
1175, 1001, 1002, 1106, 1107, 1111
1176, 1001, 1002, 1106, 1107
1177, 1001, 1002, 1106, 1107
1178, 1001, 1002, 1106, 1107
1179, 1001, 1002, 1106, 1107
1180, 1001, 1002, 1106, 1107
1181, 1001, 1002, 1106, 1107
1182, 1001, 1002, 1106, 1107, 1111
1183, 1001, 1002, 1106, 1107, 1111
1184, 1001, 1002, 1106, 1107
1185, 1001, 1002, 1106, 1107
1186, 1001, 1002, 1106, 1107, 1111
1187, 1001, 1002, 1106, 1107
1188, 1001, 1002, 1106, 1107, 1111
1189, 1001, 1002, 1106, 1107
1190, 1001, 1002, 1106, 1107, 1111
1191, 1001, 1002, 1106, 1107
1192, 1001, 1002, 1106, 1107
1193, 1001, 1002, 1106, 1107, 1111
1194, -1
1195, -1
1196, -1
1197, -1
1201, -1
1203, 1203
1204, 1204
1205, 1001, 1002, 1008, 1011, 1012, 1203, 1204
1216, 1001, 1002, 1003, 1004, 1005, 1007, 1008, 1011, 1015, 1016, 1031, 1043, 1105
1226, 1001, 1002, 1003, 1004, 1005, 1007, 1009, 1014, 1017, 1038, 1105
1228, 1001, 1002, 1003, 1004, 1007, 1009, 1013, 1017, 1018, 1105
1229, 1001, 1002, 1003, 1004, 1007, 1009, 1013, 1017, 1018, 1105
1230, 1001, 1002, 1003, 1004, 1007, 1009, 1013, 1017, 1018, 1105
1233, 1001, 1002, 1008, 1011, 1012, 1203, 1204
1239, 1001, 1002, 1003, 1004, 1005, 1007, 1009, 1014, 1015, 1016, 1043, 1105
1240, 1003, 1004, 1005, 1013, 1014, 1105
1247, 1001, 1002, 1003, 1004, 1005, 1008, 1011, 1015, 1045, 1105
1250, 1001, 1002, 1003, 1004, 1005, 1007, 1009, 1013, 1014, 1105
1251, 1001, 1002, 1003, 1004, 1005, 1010, 1013, 1014, 1105
1252, 1001, 1002, 1003, 1004, 1005, 1007, 1008, 1011, 1015, 1016, 1031, 1043, 1105
1256, 1001, 1002, 1003, 1004, 1005, 1007, 1008, 1011, 1015, 1016, 1031, 1043, 1105
1257, 1001, 1002, 1003, 1004, 1005, 1006, 1007, 1008, 1011, 1015, 1031, 1043, 1105
1258, 1001, 1002, 1003, 1004, 1005, 1008, 1011, 1015, 1031, 1043, 1105
1259, 1001, 1002, 1003, 1004, 1005, 1007, 1008, 1011, 1013, 1014, 1015, 1018, 1031, 1038, 1043, 1060, 1105
1261, 1003, 1004, 1005, 1007, 1013, 1014, 1018, 1105
1264, 1001, 1002, 1003, 1004, 1007, 1009, 1013, 1017, 1018, 1105
1265, 1003, 1004, 1005, 1007, 1013, 1015, 1018, 1105
1267, 1001, 1002, 1003, 1004, 1005, 1008, 1010, 1013, 1014, 1015, 1045, 1105
1268, 1001, 1002, 1003, 1004, 1005, 1008, 1010, 1013, 1014, 1015, 1045, 1105
1271, 1001, 1002, 1003, 1004, 1005, 1007, 1009, 1015, 1016, 1044, 1105
1278, 1001, 1002, 1003, 1004, 1005, 1008, 1010, 1013, 1015, 1045, 1105
1279, 1001, 1002, 1003, 1004, 1007, 1009, 1013, 1016, 1018, 1105
1280, 1001, 1002, 1003, 1004, 1007, 1009, 1013, 1016, 1018, 1105
1281, 1001, 1002, 1003, 1004, 1007, 1009, 1013, 1016, 1018, 1105
1296, 1001, 1002, 1003, 1004, 1005, 1007, 1009, 1014, 1015, 1016, 1043, 1105
1354, 1001, 1002, 1003, 1004, 1005, 1007, 1009, 1014, 1017, 1038, 1105
1355, 1001, 1002, 1003, 1004, 1005, 1007, 1009, 1014, 1017, 1038, 1105
1367, 1001, 1002, 1003, 1004, 1005, 1008, 1010, 1013, 1014, 1015, 1045, 1105
1368, 1001, 1002, 1003, 1004, 1005, 1008, 1010, 1013, 1014, 1015, 1045, 1105
1369, 1001, 1002, 1003, 1004, 1005, 1008, 1010, 1013, 1014, 1015, 1045, 1105
1370, 1001, 1002, 1003, 1004, 1005, 1008, 1010, 1013, 1014, 1015, 1045, 1105
1371, 1001, 1002, 1003, 1004, 1005, 1008, 1010, 1013, 1014, 1015, 1045, 1105
1372, 1001, 1002, 1003, 1004, 1005, 1010, 1013, 1014, 1105
1375, 1001, 1002, 1003, 1004, 1005, 1008, 1010, 1013, 1014, 1015, 1045, 1105
1376, 1001, 1002, 1003, 1004, 1005, 1010, 1013, 1014, 1105
1377, 1001, 1002, 1003, 1004, 1005, 1008, 1011, 1014, 1105
1378, 1001, 1002, 1003, 1004, 1005, 1007, 1009, 1010, 1013, 1014, 1015, 1016, 1044, 1105
1379, 1001, 1002, 1003, 1004, 1005, 1007, 1009, 1010, 1013, 1014, 1015, 1016, 1044, 1105
1380, 1001, 1002, 1003, 1004, 1005, 1007, 1009, 1015, 1016, 1044, 1105
1381, 1001, 1002, 1003, 1004, 1005, 1008, 1011, 1012, 1015, 1045, 1105, 1203, 1204
1382, 1001, 1002, 1003, 1004, 1005, 1008, 1011, 1012, 1015, 1045, 1105, 1203, 1204
1383, 1001, 1002, 1003, 1004, 1005, 1008, 1011, 1012, 1015, 1045, 1105, 1203, 1204
1384, 1001, 1002, 1003, 1004, 1005, 1006, 1007, 1009, 1015, 1016, 1019, 1044, 1105
1385, 1001, 1002, 1003, 1004, 1005, 1010, 1013, 1015, 1045, 1105
1386, 1001, 1002, 1003, 1004, 1005, 1008, 1010, 1013, 1015, 1045, 1105
1387, 1001, 1002, 1003, 1004, 1005, 1007, 1008, 1009, 1015, 1017, 1045, 1105
1388, 1001, 1002, 1003, 1004, 1005, 1007, 1008, 1009, 1015, 1017, 1045, 1105
1389, 1001, 1002, 1003, 1004, 1007, 1009, 1013, 1017, 1018, 1105
1390, -1
1391, -1
1392, 1001, 1002, 1003, 1004, 1005, 1008, 1012, 1015, 1045, 1105, 1203, 1204
1393, 1001, 1002, 1008, 1011, 1012, 1203, 1204
1394, 1001, 1002, 1008, 1011, 1012, 1203, 1204
1395, 1001, 1002, 1008, 1011, 1012, 1203, 1204
1396, 1001, 1002, 1008, 1011, 1012, 1203, 1204
1397, 1001, 1002, 1008, 1011, 1012, 1203, 1204
1398, 1001, 1002, 1003, 1004, 1005, 1008, 1010, 1011, 1013, 1014, 1105
1399, 1001, 1002, 1003, 1004, 1005, 1008, 1011, 1012, 1015, 1045, 1105, 1203, 1204
1400, 1001, 1002, 1003, 1004, 1005, 1008, 1010, 1011, 1013, 1014, 1105
1401, 1001, 1002, 1003, 1004, 1005, 1008, 1011, 1012, 1015, 1045, 1105, 1203, 1204
1402, 1001, 1002, 1003, 1004, 1005, 1008, 1010, 1011, 1013, 1014, 1105
1403, 1001, 1002, 1003, 1004, 1005, 1008, 1011, 1012, 1015, 1045, 1105, 1203, 1204
1404, 1001, 1002, 1003, 1004, 1005, 1007, 1009, 1014, 1017, 1038, 1105
1405, 1001, 1002, 1003, 1004, 1005, 1007, 1009, 1014, 1017, 1038, 1105
1406, 1001, 1002, 1003, 1004, 1005, 1007, 1009, 1014, 1017, 1038, 1105
1407, 1001, 1002, 1003, 1004, 1005, 1007, 1009, 1014, 1017, 1038, 1105
1408, 1001, 1002, 1003, 1004, 1005, 1006, 1007, 1009, 1015, 1016, 1019, 1044, 1105
1409, 1001, 1002, 1003, 1004, 1005, 1007, 1009, 1015, 1016, 1044, 1105
1410, 1001, 1002, 1003, 1004, 1005, 1007, 1009, 1015, 1016, 1044, 1105
1411, 1001, 1002, 1003, 1004, 1005, 1006, 1007, 1009, 1015, 1016, 1019, 1044, 1105
1412, 1001, 1002, 1003, 1004, 1005, 1007, 1009, 1015, 1016, 1044, 1105
1413, 1001, 1002, 1003, 1004, 1005, 1007, 1009, 1015, 1016, 1044, 1105
1414, 1001, 1002, 1003, 1004, 1005, 1006, 1007, 1009, 1015, 1016, 1019, 1044, 1105
1415, 1001, 1002, 1003, 1004, 1005, 1006, 1007, 1008, 1009, 1011, 1015, 1017, 1031, 1043, 1105
1416, 1001, 1002, 1003, 1004, 1005, 1006, 1007, 1008, 1009, 1011, 1015, 1017, 1031, 1043, 1105
1417, 1003, 1004, 1005, 1007, 1013, 1014, 1018, 1105
1418, 1001, 1002, 1003, 1004, 1005, 1007, 1008, 1011, 1013, 1014, 1018, 1105
1419, 1001, 1002, 1003, 1004, 1005, 1007, 1008, 1011, 1013, 1014, 1018, 1105
1420, 1001, 1002, 1003, 1004, 1005, 1008, 1012, 1015, 1045, 1105, 1203, 1204
1421, 1001, 1002, 1008, 1011
1422, 1001, 1002, 1008, 1011
1423, 1001, 1002, 1008, 1011
1424, 1001, 1002, 1003, 1004, 1005, 1008, 1011, 1013, 1014, 1105
1425, 1001, 1002, 1003, 1004, 1005, 1008, 1011, 1015, 1045, 1105
1426, 1001, 1002, 1003, 1004, 1005, 1008, 1011, 1015, 1045, 1105
1427, 1001, 1002, 1004, 1006, 1007, 1009, 1016, 1019, 1105
1428, 1001, 1002, 1004, 1006, 1007, 1009, 1016, 1019, 1105
1429, 1001, 1002, 1004, 1006, 1007, 1009, 1016, 1019, 1105
1430, 1001, 1002, 1004, 1006, 1007, 1009, 1016, 1019, 1105
1431, 1001, 1002, 1003, 1004, 1005, 1007, 1008, 1011, 1013, 1014, 1015, 1016, 1031, 1043, 1105
1432, 1001, 1002, 1003, 1004, 1005, 1006, 1007, 1008, 1011, 1015, 1016, 1019, 1031, 1043, 1044, 1105
1433, 1001, 1002, 1003, 1004, 1005, 1008, 1011, 1015, 1031, 1043, 1105
1434, 1001, 1002, 1003, 1004, 1005, 1006, 1007, 1008, 1011, 1015, 1031, 1043, 1105
1435, 1001, 1002, 1003, 1004, 1005, 1006, 1007, 1009, 1013, 1015, 1016, 1017, 1018, 1019, 1044, 1105
1436, 1001, 1002, 1003, 1004, 1005, 1006, 1007, 1009, 1013, 1015, 1016, 1017, 1018, 1019, 1044, 1105
1437, 1001, 1002, 1003, 1004, 1005, 1007, 1009, 1013, 1014, 1105
1438, 1001, 1002, 1003, 1004, 1005, 1006, 1007, 1008, 1011, 1015, 1031, 1043, 1105
1439, 1003, 1004, 1005, 1007, 1013, 1014, 1018, 1105
1440, 1003, 1004, 1005, 1007, 1013, 1014, 1018, 1105
1441, 1001, 1002, 1003, 1004, 1005, 1007, 1009, 1014, 1015, 1016, 1017, 1038, 1043, 1105
1442, 1001, 1002, 1003, 1004, 1005, 1007, 1009, 1014, 1015, 1016, 1017, 1038, 1043, 1105
1443, 1001, 1002, 1003, 1004, 1005, 1007, 1009, 1014, 1015, 1016, 1017, 1038, 1043, 1105
1444, 1001, 1002, 1003, 1004, 1007, 1009, 1013, 1017, 1018, 1105
1445, 1001, 1002, 1003, 1004, 1007, 1009, 1013, 1016, 1017, 1018, 1105
1446, 1001, 1002, 1003, 1004, 1007, 1009, 1013, 1016, 1017, 1018, 1105
1447, 1001, 1002, 1003, 1004, 1005, 1007, 1009, 1013, 1014, 1016, 1018, 1105
1448, 1001, 1002, 1003, 1004, 1005, 1007, 1009, 1013, 1014, 1016, 1018, 1105
1449, 1001, 1002, 1003, 1004, 1007, 1009, 1013, 1016, 1018, 1105
1450, 1001, 1002, 1003, 1004, 1005, 1007, 1008, 1011, 1013, 1014, 1015, 1018, 1031, 1038, 1043, 1060, 1105
1451, 1001, 1002, 1003, 1004, 1005, 1007, 1008, 1011, 1013, 1014, 1015, 1018, 1031, 1038, 1043, 1060, 1105
1452, 1001, 1002, 1003, 1004, 1005, 1007, 1008, 1011, 1013, 1014, 1015, 1018, 1031, 1038, 1043, 1060, 1105
1453, 1001, 1002, 1003, 1004, 1005, 1007, 1008, 1011, 1013, 1014, 1015, 1018, 1031, 1038, 1043, 1060, 1105
1454, 1001, 1002, 1003, 1004, 1005, 1007, 1008, 1010, 1011, 1013, 1014, 1015, 1018, 1031, 1038, 1043, 1060, 1105
1455, 1001, 1002, 1003, 1004, 1005, 1007, 1008, 1010, 1011, 1013, 1014, 1015, 1018, 1031, 1038, 1043, 1060, 1105
1456, 1001, 1002, 1003, 1004, 1005, 1010, 1013, 1014, 1105
1457, 1001, 1002, 1003, 1004, 1005, 1007, 1008, 1010, 1011, 1013, 1014, 1015, 1018, 1031, 1038, 1043, 1060, 1105
1458, 1001, 1002, 1008, 1011
1459, 1001, 1002, 1003, 1004, 1005, 1007, 1008, 1011, 1013, 1014, 1015, 1018, 1031, 1038, 1043, 1060, 1105
1460, 1001, 1002, 1003, 1004, 1005, 1007, 1008, 1011, 1013, 1014, 1015, 1018, 1031, 1038, 1043, 1060, 1105
1461, 1001, 1002, 1003, 1004, 1005, 1007, 1009, 1013, 1014, 1017, 1018, 1038, 1105
1462, 1001, 1002, 1003, 1004, 1007, 1009, 1013, 1017, 1018, 1105
1463, 1003, 1004, 1005, 1006, 1007, 1013, 1015, 1016, 1018, 1019, 1044, 1105
1464, 1003, 1004, 1005, 1006, 1007, 1013, 1015, 1016, 1018, 1019, 1044, 1105
1465, 1003, 1004, 1005, 1006, 1007, 1013, 1015, 1016, 1018, 1019, 1044, 1105
1466, 1003, 1004, 1005, 1006, 1007, 1013, 1015, 1016, 1018, 1019, 1044, 1105
1467, 1001, 1002, 1003, 1004, 1007, 1009, 1013, 1017, 1018, 1105
1468, 1003, 1004, 1005, 1006, 1007, 1013, 1015, 1016, 1018, 1019, 1044, 1105
1469, 1001, 1002, 1003, 1004, 1005, 1007, 1008, 1013, 1015, 1018, 1045, 1105
1470, 1001, 1002, 1003, 1004, 1005, 1007, 1008, 1013, 1015, 1018, 1045, 1105
1471, 1001, 1002, 1003, 1004, 1005, 1007, 1008, 1013, 1015, 1018, 1045, 1105
1472, 1001, 1002, 1003, 1004, 1005, 1007, 1008, 1013, 1015, 1018, 1045, 1105
1473, 1001, 1002, 1003, 1004, 1005, 1008, 1010, 1013, 1015, 1045, 1105
1474, 1001, 1002, 1003, 1004, 1005, 1008, 1010, 1013, 1015, 1045, 1105
1475, 1001, 1002, 1003, 1004, 1005, 1010, 1013, 1014, 1105
1476, 1001, 1002, 1003, 1004, 1005, 1010, 1013, 1014, 1105
1477, 1001, 1002, 1003, 1004, 1005, 1010, 1013, 1014, 1105
1478, 1001, 1002, 1003, 1004, 1005, 1010, 1013, 1014, 1105
1479, 1001, 1002, 1003, 1004, 1005, 1010, 1013, 1014, 1105
1480, 1003, 1004, 1005, 1007, 1013, 1015, 1018, 1105
1481, 1003, 1004, 1005, 1007, 1013, 1015, 1018, 1105
1482, 1001, 1002, 1003, 1004, 1005, 1008, 1011, 1015, 1031, 1043, 1105
1483, 1001, 1002, 1003, 1004, 1005, 1008, 1011, 1015, 1031, 1043, 1105
1484, 1001, 1002, 1003, 1004, 1005, 1008, 1011, 1015, 1031, 1043, 1105
1485, 1001, 1002, 1003, 1004, 1005, 1008, 1011, 1015, 1031, 1043, 1105
1486, 1001, 1002, 1003, 1004, 1005, 1008, 1011, 1015, 1031, 1043, 1105
1487, 1001, 1002, 1003, 1004, 1005, 1007, 1008, 1011, 1013, 1014, 1015, 1018, 1031, 1043, 1105
1488, 1001, 1002, 1003, 1004, 1005, 1007, 1008, 1011, 1013, 1014, 1015, 1018, 1031, 1043, 1105
1489, 1001, 1002, 1003, 1004, 1005, 1007, 1008, 1011, 1013, 1014, 1015, 1018, 1031, 1043, 1105
1490, 1001, 1002, 1003, 1004, 1005, 1007, 1008, 1011, 1013, 1014, 1015, 1018, 1031, 1043, 1105
1491, 1001, 1002, 1003, 1004, 1005, 1007, 1008, 1011, 1012, 1013, 1015, 1018, 1105, 1203, 1204
1492, 1001, 1002, 1003, 1004, 1005, 1007, 1009, 1014, 1015, 1016, 1043, 1105
1493, 1001, 1002, 1003, 1004, 1005, 1007, 1009, 1014, 1015, 1016, 1043, 1105
1494, 1001, 1002, 1003, 1004, 1005, 1007, 1009, 1014, 1015, 1016, 1043, 1105
1495, 1001, 1002, 1003, 1004, 1005, 1007, 1009, 1014, 1015, 1016, 1043, 1105
1496, 1001, 1002, 1003, 1004, 1005, 1007, 1009, 1013, 1014, 1017, 1018, 1105
1497, 1001, 1002, 1003, 1004, 1005, 1007, 1009, 1013, 1014, 1017, 1018, 1105
1498, 1001, 1002, 1003, 1004, 1005, 1007, 1009, 1013, 1014, 1017, 1018, 1105
1499, 1001, 1002, 1003, 1004, 1007, 1009, 1013, 1017, 1018, 1105
1501, 1001, 1002, 1003, 1004, 1005, 1007, 1008, 1011, 1013, 1014, 1015, 1016, 1031, 1043, 1105
1502, 1001, 1002, 1003, 1004, 1005, 1007, 1008, 1011, 1013, 1014, 1015, 1016, 1031, 1043, 1105
1503, 1003, 1004, 1005, 1007, 1013, 1014, 1018, 1105
1504, 1003, 1004, 1005, 1007, 1013, 1014, 1018, 1105
1505, 1003, 1004, 1005, 1007, 1013, 1014, 1018, 1105
1506, 1003, 1004, 1005, 1007, 1013, 1014, 1018, 1105
1507, 1001, 1002, 1003, 1004, 1005, 1007, 1009, 1013, 1014, 1015, 1016, 1018, 1044, 1105
1508, 1001, 1002, 1003, 1004, 1005, 1007, 1009, 1013, 1014, 1015, 1016, 1043, 1105
1509, 1001, 1002, 1003, 1004, 1005, 1007, 1009, 1013, 1014, 1015, 1016, 1018, 1044, 1105
1510, 1001, 1002, 1003, 1004, 1005, 1007, 1009, 1013, 1014, 1015, 1016, 1018, 1044, 1105
1511, 1001, 1002, 1003, 1004, 1005, 1007, 1009, 1013, 1014, 1015, 1016, 1018, 1044, 1105
1512, 1001, 1002, 1003, 1004, 1005, 1007, 1009, 1014, 1015, 1016, 1043, 1105
1513, 1001, 1002, 1003, 1004, 1005, 1007, 1009, 1013, 1014, 1015, 1016, 1043, 1105
1514, 1001, 1002, 1003, 1004, 1005, 1007, 1009, 1013, 1014, 1015, 1016, 1043, 1105
1515, 1001, 1002, 1003, 1004, 1005, 1006, 1007, 1009, 1013, 1014, 1016, 1019, 1105
1516, 1001, 1002, 1003, 1004, 1005, 1007, 1009, 1013, 1014, 1015, 1016, 1043, 1105
1517, 1001, 1002, 1003, 1004, 1005, 1008, 1010, 1013, 1015, 1045, 1105
1518, 1001, 1002, 1003, 1004, 1005, 1007, 1009, 1013, 1014, 1017, 1018, 1105
1519, 1001, 1002, 1003, 1004, 1005, 1006, 1007, 1008, 1010, 1013, 1014, 1015, 1016, 1019, 1044, 1045, 1105
1520, 1001, 1002, 1003, 1004, 1005, 1007, 1009, 1014, 1015, 1016, 1017, 1038, 1043, 1105
1521, 1001, 1002, 1003, 1004, 1005, 1007, 1009, 1014, 1017, 1038, 1105
1522, 1001, 1002, 1003, 1004, 1005, 1006, 1007, 1008, 1011, 1015, 1016, 1019, 1031, 1043, 1044, 1105
1523, 1001, 1002, 1003, 1004, 1005, 1008, 1011, 1015, 1031, 1043, 1105
1524, 1001, 1002, 1003, 1004, 1005, 1008, 1011, 1015, 1045, 1105
1525, 1001, 1002, 1003, 1004, 1005, 1007, 1008, 1011, 1013, 1015, 1016, 1018, 1031, 1043, 1105
1526, 1001, 1002, 1003, 1004, 1005, 1007, 1008, 1011, 1013, 1015, 1016, 1018, 1031, 1043, 1105
1527, 1001, 1002, 1003, 1004, 1005, 1007, 1008, 1011, 1013, 1015, 1016, 1018, 1031, 1043, 1105
1528, 1001, 1002, 1003, 1004, 1005, 1007, 1008, 1011, 1013, 1015, 1016, 1018, 1031, 1043, 1105
1529, 1001, 1002, 1003, 1004, 1005, 1007, 1009, 1013, 1014, 1017, 1018, 1038, 1105
1530, 1001, 1002, 1003, 1004, 1005, 1007, 1009, 1013, 1014, 1017, 1018, 1038, 1105
1531, 1001, 1002, 1003, 1004, 1005, 1007, 1009, 1013, 1014, 1017, 1018, 1038, 1105
