Numero, primeiro_vertice_cor, segundo_vertice_cor, ...
1001, -1
1002, 1002
1003, -1
1004, 1004
1005, -1
1006, 1006
1007, -1
1008, 1002
1009, 1002, 1009
1010, 1002, 1010
1011, 1002, 1011
1012, 1204
1013, 1004
1014, 1004, 1014
1015, 1004, 1015
1016, 1004
1017, 1004
1018, 1004, 1018
1019, 1006
1020, 1006
1021, 1002, 1009
1022, 1002, 1009
1023, 1002, 1009
1024, 1002, 1009
1025, 1002, 1009
1026, 1002, 1009
1027, 1002, 1009
1028, 1002, 1009
1029, 1002, 1009
1030, 1002, 1009
1031, 1002, 1011, 1031
1032, 1002, 1011
1033, 1002, 1011
1034, 1002, 1011
1035, 1002, 1011
1036, 1002, 1011
1037, 1002, 1011
1038, 1004, 1014
1039, 1004, 1014
1040, 1004, 1014
1041, 1004, 1014
1042, 1002, 1010
1043, 1004, 1015
1044, 1004, 1015, 1044
1045, 1004, 1015, 1045
1046, 1004, 1015
1047, 1002, 1011
1048, 1002, 1011
1049, 1002, 1011
1050, 1004, 1014
1051, 1004, 1014
1052, 1004, 1014
1053, 1004, 1014
1054, 1002, 1009
1055, 1002, 1009
1056, 1002, 1011, 1031
1057, 1002, 1011, 1031
1058, 1002, 1011, 1031
1059, 1002, 1011, 1031
1060, 1004, 1018, 1060
1061, 1004, 1018
1062, 1004, 1018
1063, 1004, 1018
1064, 1004, 1018
1065, 1004, 1018
1066, 1004, 1018
1067, 1004, 1014
1068, 1004, 1014
1069, 1004, 1014
1070, 1004, 1015, 1044
1071, 1004, 1015, 1044
1073, 1004, 1015, 1045
1074, 1004, 1015, 1045
1075, 1004, 1015, 1045
1076, 1004, 1015, 1045
1077, 1004, 1015, 1045
1078, 1004, 1015, 1045
1079, 1002, 1009
1080, 1002, 1009
1081, 1004, 1018, 1060
1082, 1004, 1018, 1060
1083, 1004, 1018
1084, 1002, 1009
1085, 1002, 1009
1086, 1002, 1009
1087, 1004, 1018
1088, 1004, 1018
1089, 1004, 1018
1090, 1004, 1018
1091, 1004, 1015, 1044
1092, 1004, 1015, 1044
1093, 1004, 1015, 1044
1094, 1004, 1015, 1044
1095, 1004, 1015, 1044
1096, 1002, 1009
1097, 1002, 1009
1100, 1002, 1011, 1031
1101, 1004, 1015, 1045
1102, 1004, 1015, 1045
1103, 1004, 1015, 1045
1104, 1002, 1009
1105, -1
1106, -1
1107, 1002, 1107
1108, 1002, 1107
1109, 1002, 1107
1110, 1002, 1107
1111, 1002, 1107, 1111
1112, 1002, 1107
1113, 1002, 1107
1114, 1002, 1107, 1111
1115, 1002, 1107, 1111
1116, 1002, 1107
1117, 1002, 1107
1118, 1002, 1107, 1111
1119, 1002, 1107
1120, 1002, 1107, 1111
1121, 1002, 1107
1122, 1002, 1107, 1111
1123, 1002, 1107
1124, 1002, 1107, 1111
1125, 1002, 1107, 1111
1126, 1002, 1107
1127, 1002, 1107
1128, 1002, 1107
1129, 1002, 1107
1130, 1002, 1107, 1111
1131, 1002, 1107, 1111
1132, 1002, 1107
1133, 1002, 1107
1134, 1002, 1107
1135, 1002, 1107, 1111
1136, 1002, 1107
1137, 1002, 1107
1138, 1002, 1107
1139, 1002, 1107
1140, 1002, 1107
1141, 1002, 1107, 1111
1142, 1002, 1107
1143, 1002, 1107, 1111
1144, 1002, 1107
1145, 1002, 1107
1146, -1
1147, 1002, 1107
1148, 1002, 1107
1149, 1002, 1107
1150, 1002, 1107
1151, -1
1152, 1002, 1107
1153, 1002, 1107, 1111
1154, 1002, 1107
1155, -1
1156, 1002, 1107
1157, 1002, 1107
1158, 1002, 1107, 1111
1159, 1002, 1107
1160, 1002, 1107
1161, 1002, 1107
1162, 1002, 1107
1163, -1
1164, 1002, 1107
1165, 1002, 1107
1166, 1002, 1107, 1111
1167, 1002, 1107
1168, 1002, 1107
1169, 1002, 1107, 1111
1170, 1002, 1107, 1111
1171, -1
1172, 1002, 1107
1173, 1002, 1107
1174, 1002, 1107
1175, 1002, 1107
1176, 1002, 1107
1177, 1002, 1107
1178, 1002, 1107
1179, 1002, 1107
1180, 1002, 1107
1181, 1002, 1107
1182, 1002, 1107, 1111
1183, 1002, 1107
1184, 1002, 1107
1185, 1002, 1107
1186, 1002, 1107, 1111
1187, 1002, 1107
1188, 1002, 1107, 1111
1189, 1002, 1107
1190, 1002, 1107, 1111
1191, -1
1192, 1002, 1107
1193, 1002, 1107, 1111
1194, -1
1195, -1
1196, -1
1197, -1
1201, -1
1203, -1
1204, 1204
1205, 1002, 1011
1216, 1002, 1011, 1031
1226, 1002, 1009
1228, 1002, 1009
1229, 1002, 1009
1230, 1002, 1009
1233, 1002, 1011
1239, 1002, 1009
1240, 1004, 1014
1247, 1002, 1011
1250, 1004, 1014
1251, 1004, 1014
1252, 1002, 1011, 1031
1256, 1002, 1011, 1031
1257, 1002, 1011, 1031
1258, 1002, 1011, 1031
1259, 1002, 1011, 1031
1261, 1004, 1018
1264, 1002, 1009
1265, 1004, 1018
1267, 1004, 1014
1268, 1004, 1014
1271, 1004, 1015, 1044
1278, 1004, 1015, 1045
1279, 1002, 1009
1280, 1002, 1009
1281, 1002, 1009
1296, 1002, 1009
1354, 1002, 1009
1355, 1002, 1009
1367, 1004, 1014
1368, 1004, 1014
1369, 1004, 1014
1370, 1004, 1014
1371, 1004, 1014
1372, 1004, 1014
1375, 1004, 1014
1376, 1004, 1014
1377, 1004, 1014
1378, 1004, 1015, 1044
1379, 1004, 1015, 1044
1380, 1004, 1015, 1044
1381, 1002, 1011
1382, 1002, 1011
1383, 1002, 1011
1384, 1004, 1015, 1044
1385, 1004, 1015, 1045
1386, 1004, 1015, 1045
1387, 1002, 1009
1388, 1002, 1009
1389, 1002, 1009
1390, -1
1391, -1
1392, 1004, 1015, 1045
1393, 1002, 1011
1394, 1002, 1011
1395, 1002, 1011
1396, 1002, 1011
1397, 1002, 1011
1398, 1004, 1014
1399, 1004, 1015, 1045
1400, 1004, 1014
1401, 1004, 1015, 1045
1402, 1004, 1014
1403, 1004, 1015, 1045
1404, 1002, 1009
1405, 1002, 1009
1406, 1002, 1009
1407, 1002, 1009
1408, 1004, 1015, 1044
1409, 1004, 1015, 1044
1410, 1004, 1015, 1044
1411, 1004, 1015, 1044
1412, 1004, 1015, 1044
1413, 1004, 1015, 1044
1414, 1004, 1015, 1044
1415, 1002, 1011, 1031
1416, 1002, 1011, 1031
1417, 1004, 1014
1418, 1004, 1014
1419, 1004, 1014
1420, 1004, 1015, 1045
1421, 1002, 1011
1422, 1002, 1011
1423, 1002, 1011
1424, 1002, 1011
1425, 1002, 1011
1426, 1002, 1011
1427, 1002, 1009
1428, 1002, 1009
1429, 1002, 1009
1430, 1002, 1009
1431, 1002, 1011, 1031
1432, 1002, 1011, 1031
1433, 1002, 1011, 1031
1434, 1002, 1011, 1031
1435, 1002, 1009
1436, 1002, 1009
1437, -1
1438, 1002, 1011, 1031
1439, 1004, 1014
1440, 1004, 1014
1441, 1002, 1009
1442, 1002, 1009
1443, 1002, 1009
1444, 1002, 1009
1445, 1002, 1009
1446, 1002, 1009
1447, 1002, 1009
1448, 1002, 1009
1449, 1002, 1009
1450, 1002, 1011, 1031
1451, 1002, 1011, 1031
1452, 1002, 1011, 1031
1453, 1002, 1011, 1031
1454, 1002, 1011, 1031
1455, 1002, 1011, 1031
1456, -1
1457, 1002, 1011, 1031
1458, 1002, 1011
1459, 1002, 1011, 1031
1460, 1002, 1011, 1031
1461, 1002, 1009
1462, 1002, 1009
1463, 1004, 1015, 1044
1464, 1004, 1015, 1044
1465, 1004, 1015, 1044
1466, 1004, 1015, 1044
1467, 1002, 1009
1468, 1004, 1015, 1044
1469, 1004, 1015, 1045
1470, 1004, 1015, 1045
1471, 1004, 1015, 1045
1472, 1004, 1015, 1045
1473, 1004, 1015, 1045
1474, 1004, 1015, 1045
1475, 1004, 1014
1476, 1004, 1014
1477, 1004, 1014
1478, 1004, 1014
1479, 1004, 1014
1480, 1004, 1018
1481, 1004, 1018
1482, 1002, 1011, 1031
1483, 1002, 1011, 1031
1484, 1002, 1011, 1031
1485, 1002, 1011, 1031
1486, 1002, 1011, 1031
1487, 1002, 1011, 1031
1488, 1002, 1011, 1031
1489, 1002, 1011, 1031
1490, 1002, 1011, 1031
1491, 1002, 1011
1492, 1002, 1009
1493, 1002, 1009
1494, 1002, 1009
1495, 1002, 1009
1496, 1002, 1009
1497, 1002, 1009
1498, 1002, 1009
1499, 1002, 1009
1501, 1002, 1011, 1031
1502, 1002, 1011, 1031
1503, 1004, 1014
1504, 1004, 1014
1505, 1004, 1014
1506, 1004, 1014
1507, 1004, 1015, 1044
1508, 1004, 1014
1509, 1004, 1015, 1044
1510, 1004, 1015, 1044
1511, 1004, 1015, 1044
1512, 1002, 1009
1513, 1002, 1009
1514, 1002, 1009
1515, 1004, 1014
1516, 1004, 1014
1517, 1004, 1015, 1045
1518, 1002, 1009
1519, 1004, 1014
1520, 1002, 1009
1521, 1002, 1009
1522, 1002, 1011, 1031
1523, 1002, 1011, 1031
1524, 1002, 1011
1525, 1002, 1011, 1031
1526, 1002, 1011, 1031
1527, 1002, 1011, 1031
1528, 1002, 1011, 1031
1529, 1002, 1009
1530, 1002, 1009
1531, 1002, 1009
