Numero, primeiro_vertice_cor, segundo_vertice_cor, ...
1001, 1001
1002, -1
1003, 1003
1004, -1
1005, 1005, 1105
1006, 1105
1007, 1007, 1105
1008, 1001, 1008
1009, 1001
1010, 1001
1011, 1001
1012, 1012, 1203
1013, 1003, 1013
1014, 1003
1015, 1003
1016, 1007, 1016, 1105
1017, 1007, 1017, 1105
1018, 1007, 1105
1019, 1007, 1019, 1105
1020, 1007, 1105
1021, 1007, 1105
1022, 1007, 1105
1023, 1007, 1105
1024, 1007, 1024, 1105
1025, 1007, 1105
1026, 1007, 1017, 1105
1027, 1007, 1017, 1105
1028, 1007, 1017, 1105
1029, 1007, 1017, 1105
1030, 1007, 1017, 1105
1031, 1001, 1008
1032, 1001, 1008
1033, 1001, 1008
1034, 1001, 1008
1035, 1001, 1008
1036, 1001, 1008
1037, 1001, 1008
1038, 1005, 1038, 1105
1039, 1005, 1105
1040, 1005, 1105
1041, 1005, 1105
1042, 1003, 1013
1043, 1005, 1043, 1105
1044, 1005, 1105
1045, 1005, 1105
1046, 1005, 1105
1047, 1001, 1008
1048, 1001, 1008
1049, 1012, 1203
1050, 1003, 1013
1051, 1003, 1013
1052, 1003, 1013
1053, 1003, 1013
1054, 1005, 1038, 1105
1055, 1005, 1038, 1105
1056, 1005, 1043, 1105
1057, 1005, 1043, 1105
1058, 1005, 1043, 1105
1059, 1005, 1043, 1105
1060, 1003, 1013
1061, 1003, 1013
1062, 1003, 1013
1063, 1003, 1013
1064, 1003, 1013
1065, 1003, 1013
1066, 1003, 1013
1067, 1003, 1013
1068, 1003, 1013
1069, 1003, 1013
1070, 1007, 1016, 1105
1071, 1007, 1016, 1105
1073, 1001, 1008
1074, 1001, 1008
1075, 1001, 1008
1076, 1001, 1008
1077, 1001, 1008
1078, 1001, 1008
1079, 1007, 1016, 1105
1080, 1007, 1016, 1105
1081, 1005, 1038, 1105
1082, 1005, 1038, 1105
1083, 1005, 1105
1084, 1003, 1013
1085, 1007, 1019, 1105
1086, 1007, 1019, 1105
1087, 1005, 1105
1088, 1005, 1105
1089, 1005, 1105
1090, 1005, 1105
1091, 1007, 1019, 1105
1092, 1007, 1019, 1105
1093, 1007, 1019, 1105
1094, 1007, 1019, 1105
1095, 1007, 1019, 1105
1096, 1005, 1043, 1105
1097, 1005, 1043, 1105
1100, 1007, 1105
1101, 1012, 1203
1102, 1012, 1203
1103, 1012, 1203
1104, 1003, 1013
1105, 1105
1106, 1106
1107, 1001
1108, 1106
1109, 1106
1110, 1106
1111, 1106
1112, 1106
1113, 1106
1114, 1106
1115, 1106
1116, 1106
1117, 1106
1118, 1106
1119, 1106
1120, 1106
1121, 1106
1122, 1106
1123, 1106
1124, 1106
1125, 1106
1126, 1106
1127, -1
1128, -1
1129, 1106
1130, 1106
1131, 1106
1132, 1106
1133, -1
1134, 1106
1135, 1106
1136, 1106
1137, 1106
1138, 1106
1139, 1106
1140, -1
1141, -1
1142, 1106
1143, 1106
1144, 1106
1145, 1106
1146, 1106
1147, 1106
1148, 1106
1149, 1106
1150, 1106
1151, 1106
1152, -1
1153, 1106
1154, 1106
1155, 1106
1156, 1106
1157, 1106
1158, -1
1159, 1106
1160, 1106
1161, 1106
1162, 1106
1163, 1106
1164, 1106
1165, 1106
1166, 1106
1167, 1106
1168, 1106
1169, -1
1170, 1106
1171, 1106
1172, 1106
1173, -1
1174, 1106
1175, 1106
1176, 1106
1177, -1
1178, -1
1179, 1106
1180, -1
1181, -1
1182, -1
1183, 1106
1184, -1
1185, -1
1186, -1
1187, -1
1188, 1106
1189, -1
1190, 1106
1191, 1106
1192, 1106
1193, 1106
1194, -1
1195, -1
1196, -1
1197, -1
1201, -1
1203, 1203
1204, -1
1205, 1012, 1203
1216, 1007, 1016, 1105
1226, 1005, 1038, 1105
1228, 1003, 1013
1229, 1003, 1013
1230, 1003, 1013
1233, 1012, 1203
1239, 1005, 1105
1240, 1003, 1013
1247, 1001, 1008
1250, 1007, 1105
1251, 1003, 1013
1252, 1007, 1016, 1105
1256, 1007, 1016, 1105
1257, 1007, 1105
1258, 1005, 1105
1259, 1005, 1038, 1105
1261, 1005, 1105
1264, 1003, 1013
1265, 1005, 1105
1267, 1001, 1008
1268, 1001, 1008
1271, 1007, 1105
1278, 1003, 1013
1279, 1003, 1013
1280, 1003, 1013
1281, 1003, 1013
1296, 1005, 1105
1354, 1005, 1038, 1105
1355, 1005, 1038, 1105
1367, 1001, 1008
1368, 1001, 1008
1369, 1001, 1008
1370, 1001, 1008
1371, 1001, 1008
1372, 1003, 1013
1375, 1001, 1008
1376, 1003, 1013
1377, 1001, 1008
1378, 1003, 1013
1379, 1003, 1013
1380, 1007, 1105
1381, 1001, 1008
1382, 1001, 1008
1383, 1001, 1008
1384, 1007, 1105
1385, 1003, 1013
1386, 1003, 1013
1387, 1001, 1008
1388, 1001, 1008
1389, 1003, 1013
1390, -1
1391, -1
1392, 1012, 1203
1393, 1012, 1203
1394, 1012, 1203
1395, -1
1396, 1001, 1008
1397, 1001, 1008
1398, 1001, 1008
1399, 1001, 1008
1400, 1001, 1008
1401, 1001, 1008
1402, 1001, 1008
1403, 1001, 1008
1404, 1005, 1038, 1105
1405, 1005, 1038, 1105
1406, 1005, 1038, 1105
1407, 1005, 1038, 1105
1408, 1007, 1105
1409, 1007, 1105
1410, 1007, 1105
1411, 1007, 1105
1412, 1007, 1105
1413, 1007, 1105
1414, 1007, 1105
1415, 1007, 1017, 1105
1416, 1007, 1017, 1105
1417, 1005, 1105
1418, 1001, 1008
1419, 1001, 1008
1420, 1012, 1203
1421, 1001, 1008
1422, 1001, 1008
1423, -1
1424, 1003, 1013
1425, 1001, 1008
1426, 1001, 1008
1427, 1007, 1019, 1105
1428, 1007, 1019, 1105
1429, 1007, 1019, 1105
1430, 1007, 1019, 1105
1431, 1003, 1013
1432, 1007, 1019, 1105
1433, 1005, 1105
1434, 1007, 1105
1435, 1007, 1019, 1105
1436, 1007, 1019, 1105
1437, 1007, 1105
1438, -1
1439, 1005, 1105
1440, -1
1441, 1005, 1043, 1105
1442, 1005, 1043, 1105
1443, 1005, 1043, 1105
1444, -1
1445, 1003, 1013
1446, 1003, 1013
1447, 1003, 1013
1448, 1003, 1013
1449, -1
1450, 1005, 1038, 1105
1451, 1005, 1038, 1105
1452, 1005, 1038, 1105
1453, 1005, 1038, 1105
1454, 1003, 1013
1455, 1003, 1013
1456, 1003, 1013
1457, 1003, 1013
1458, 1001, 1008
1459, 1005, 1038, 1105
1460, 1001, 1008
1461, 1003, 1013
1462, 1003, 1013
1463, 1003, 1013
1464, 1003, 1013
1465, 1003, 1013
1466, 1003, 1013
1467, 1003, 1013
1468, 1003, 1013
1469, 1003, 1013
1470, 1003, 1013
1471, 1003, 1013
1472, 1003, 1013
1473, 1003, 1013
1474, 1003, 1013
1475, 1003, 1013
1476, 1003, 1013
1477, 1003, 1013
1478, 1003, 1013
1479, 1003, 1013
1480, 1005, 1105
1481, 1005, 1105
1482, 1005, 1105
1483, 1005, 1105
1484, 1005, 1105
1485, 1005, 1105
1486, 1005, 1105
1487, 1005, 1105
1488, 1005, 1105
1489, 1005, 1105
1490, 1005, 1105
1491, 1005, 1105
1492, 1005, 1105
1493, 1005, 1105
1494, 1005, 1105
1495, 1005, 1105
1496, 1005, 1105
1497, 1005, 1105
1498, 1005, 1105
1499, -1
1501, 1003, 1013
1502, 1003, 1013
1503, 1005, 1105
1504, 1005, 1105
1505, 1005, 1105
1506, 1005, 1105
1507, 1005, 1105
1508, 1005, 1105
1509, 1005, 1105
1510, 1005, 1105
1511, 1005, 1105
1512, 1005, 1105
1513, 1003, 1013
1514, 1003, 1013
1515, 1007, 1019, 1105
1516, 1005, 1105
1517, -1
1518, 1007, 1105
1519, 1007, 1019, 1105
1520, 1005, 1038, 1105
1521, 1005, 1038, 1105
1522, 1007, 1019, 1105
1523, 1005, 1105
1524, -1
1525, 1003, 1013
1526, 1003, 1013
1527, 1003, 1013
1528, 1003, 1013
1529, 1003, 1013
1530, 1003, 1013
1531, 1003, 1013
